22 29
505 509
539 546
5359 5363
12805 12813
12827 12836
12840 12846
12850 12887
12903 12934
12937 13092
13105 13139
13144 13167
13171 13179
13232 13245
13306 13315
13355 13362
13399 13407
13445 13459
13762 13771
13851 13861
14004 14012
14433 14438
15448 15452
17863 17868
18452 18456
24088 24092
24618 24624
52138 52144
52633 52637
53717 53723
54032 54044
54477 54481
55415 55421
55676 55685
56574 56578
57014 57019
104627 104950
104964 104977
104995 105568
105575 105991
111766 112092
115305 115309
115707 115709
117454 117457
117794 117801
118455 118459
119508 119513
119879 119885
123113 123117
168400 168403
170441 170452
172242 172248
173641 173645
174543 174547
174608 174612
179218 179228
179352 179356
179381 179385
179461 179467
179522 179529
179960 179966
180255 180265
180826 180831
184288 184295
186303 186306
192082 192084
192161 192166
192410 192413
192467 192470
210614 210617
222462 222466
228961 228965
235267 235274
235496 235506
235509 235528
235589 235592
239372 239377
269818 269821
282211 282215
282253 282256
282284 282289
282358 282361
282387 282395
282425 282436
282447 282451
282477 282482
282504 282527
282556 282571
282579 282623
282630 282634
282656 282661
282665 282678
282695 282701
282705 282714
282718 282732
282738 282750
282753 282770
282788 282819
282830 282833
282836 282841
282848 282853
282855 282874
282877 282899
282908 282938
282951 282960
282963 282967
282969 282979
282992 282997
283013 283018
283032 283045
283050 283077
283085 283094
283104 283109
283141 283146
283153 283158
283219 283223
283233 283236
283261 283266
283296 283302
283392 283396
283477 283483
283505 283508
283511 283517
283528 283553
283565 283573
283577 283579
283600 283618
283622 283629
283634 283639
283658 283668
283671 283686
283689 283696
283699 283708
283711 283736
283740 283743
283746 283753
283757 283764
283777 283799
283801 283819
283826 283869
283882 283887
283890 283900
283918 283924
283927 283945
283949 283957
283970 283976
283984 283996
284000 284020
284022 284026
284029 284033
284036 284047
284051 284056
284070 284113
284116 284140
284143 284190
284192 284219
284231 284259
284263 284283
284291 284301
284305 284320
284323 284342
284359 284363
284375 284379
284397 284418
284423 284428
284431 284441
284449 284456
284460 284466
284476 284494
284508 284511
284532 284536
284618 284625
284663 284671
284752 284756
284791 284794
284810 284820
284824 284835
284861 284864
284871 284878
284987 284992
285029 285032
285108 285115
285125 285132
285136 285145
285148 285152
285160 285166
285170 285177
285195 285198
285202 285209
285238 285250
285252 285260
285266 285289
285292 285315
285325 285331
285369 285372
285374 285377
285381 285388
285410 285417
285443 285450
285455 285466
285483 285499
285509 285519
285526 285532
285563 285567
285600 285609
285611 285618
285692 285701
285719 285725
285731 285736
285770 285786
285809 285816
285873 285879
285937 285943
286109 286117
286150 286163
286169 286173
286217 286225
286234 286237
286240 286255
286260 286267
286273 286288
286307 286337
286342 286355
286358 286364
286385 286389
286396 286400
286403 286413
286417 286423
286429 286442
286444 286453
286456 286470
286475 286482
286486 286493
286498 286508
286512 286515
286518 286529
286561 286569
286572 286586
286613 286621
286633 286642
286644 286659
286666 286670
286693 286699
286705 286747
286754 286761
286789 286793
286806 286815
286835 286839
286881 286889
286897 286901
286982 286986
287035 287048
287104 287113
287125 287138
287200 287219
287262 287272
287283 287289
287329 287336
287359 287369
287372 287391
287395 287399
287416 287419
287429 287437
287439 287450
287463 287466
287476 287482
287485 287496
287500 287512
287517 287546
287550 287555
287557 287561
287565 287584
287590 287616
287618 287636
287639 287713
287716 287734
287742 287745
287750 287789
287792 287797
287808 287820
287824 287873
287885 287892
287895 287913
287916 287936
287938 287957
287961 287994
287997 288002
288004 288062
288064 288073
288076 288126
288130 288145
288149 288159
288164 288175
288179 288196
288210 288232
288244 288266
288277 288289
288300 288350
288353 288364
288372 288382
288390 288395
288402 288414
288423 288430
288444 288453
288459 288465
288473 288486
288489 288506
288509 288520
288522 288527
288579 288592
288609 288618
288630 288653
288718 288721
288746 288756
288770 288773
288796 288826
288848 288853
288887 288892
288899 288903
288926 288932
288944 288953
288956 288972
288976 288987
289018 289026
289030 289033
289099 289103
289121 289134
289211 289215
289436 289440
289444 289457
289515 289523
289627 289631
289685 289693
289740 289745
289764 289778
289784 289789
289824 289828
289840 289847
289850 289862
289867 289871
289878 289895
289898 289911
289924 289952
289960 289965
289970 289989
289992 289996
290001 290005
290012 290023
290027 290037
290041 290046
290050 290054
290059 290063
290067 290073
290075 290089
290096 290111
294090 294093
294618 294627
294927 294931
305853 305858
309352 309363
309377 309380
309425 309441
309444 309483
309488 309503
309507 309510
309513 309563
309565 309615
309624 309674
309678 309692
309694 309740
309742 309754
309757 309797
309800 309820
309822 309829
309835 309843
309845 309888
309893 309906
309912 309918
309921 309961
309968 309982
309987 309999
310001 310034
310038 310054
310065 310085
310101 310124
310145 310151
310161 310166
310170 310189
310230 310257
310265 310277
310287 310304
310324 310329
310333 310338
310343 310354
310369 310381
310413 310432
310437 310448
310463 310482
310487 310509
310587 310593
310656 310660
310664 310677
310683 310693
310741 310764
310786 310806
310813 310872
310877 310883
310889 310908
310912 310933
310960 310974
310988 311028
311030 311034
311037 311046
311051 311317
311320 311420
311424 312123
312126 312166
312168 312225
312227 312302
312304 312382
312385 312564
312571 312598
312601 312651
312675 312690
312693 312726
312728 312738
312741 312762
312768 312797
312805 312815
312818 312848
312861 312866
312870 312925
312936 312944
312946 312964
312979 312986
313063 313069
313146 313155
313167 313179
313184 313197
313219 313231
313240 313257
313271 313281
313285 313300
313317 313327
313368 313393
313396 313404
313408 313414
313417 313467
313469 313510
313513 313565
313568 313583
313586 313790
313792 313799
313801 313919
313923 314082
314088 314091
314097 314141
314144 314158
314162 314213
314215 314232
314261 314306
314308 314315
314318 314330
314333 314349
314374 314381
314390 314413
314422 314434
314436 314441
314445 314458
314461 314474
314480 314501
314519 314532
314536 314553
314576 314614
314656 314680
314696 314717
314733 314749
314751 314901
314906 315283
315286 315372
315391 315424
315426 315436
315440 315552
315554 315748
315750 315774
315778 315782
315784 315794
315797 315806
315822 315842
315853 315977
315980 315995
315997 316012
316016 316030
316041 316051
316066 316071
316074 316153
316156 316169
316181 316202
316204 316212
316218 316232
316235 316251
316257 316265
316313 316325
316329 316346
316357 316371
316429 316435
316457 316462
316466 316488
316495 316499
316502 316512
316529 316535
316555 316562
317928 317957
317967 317973
317976 317980
317988 318023
318026 318033
318035 318048
318051 318094
318099 318145
318156 318164
318168 318184
318210 318240
318246 318301
318305 318317
318321 318343
318350 318363
318366 318389
318391 318402
318409 318423
318429 318442
318456 318501
318519 318527
318531 318540
318547 318556
318558 318590
318597 318614
318621 318632
318646 318666
318683 318693
318735 318746
318762 318771
318783 318791
318809 318824
318828 318882
318886 318907
318915 318935
318939 318945
318951 318975
318987 319014
319016 319028
319030 319039
319041 319105
319107 319118
319120 319131
319135 319164
319169 319176
319179 319201
319208 319213
319232 319253
319255 319274
319282 319314
319332 319352
319380 319397
319406 319415
319459 319469
319477 319481
319564 319573
319642 319648
319654 319665
319672 319693
319707 319739
319743 319783
319792 319812
319819 319854
319862 319873
319877 319881
319884 319897
319901 319907
319911 319932
319944 319964
319967 319978
319991 320004
320011 320027
320038 320055
320069 320106
320109 320128
320136 320141
320175 320182
320252 320272
320330 320338
320418 320453
320476 320484
320524 320542
320570 320574
320580 320590
320600 320624
320725 320734
320742 320758
320790 320801
320868 320878
320904 320909
320929 320938
320960 320969
320978 320990
321001 321015
321052 321056
321061 321064
321077 321085
321088 321094
321121 321135
321144 321150
321154 321174
321182 321188
321202 321216
321221 321243
321253 321266
321271 321311
321323 321351
321365 321385
321472 321495
321518 321529
321554 321559
321563 321579
321601 321615
321645 321658
321690 321703
321707 321758
321792 321798
321815 321831
321834 321852
321856 321868
321898 321905
321907 321912
321973 321999
322003 322006
322012 322039
322048 322069
322075 322080
322085 322102
322105 322139
322147 322178
322189 322212
322215 322223
322236 322262
322264 322293
322308 322325
322331 322336
322344 322369
322468 322474
322497 322510
322519 322531
322535 322562
322585 322591
322607 322614
322620 322652
322691 322698
322704 322715
322733 322739
322750 322757
322780 322791
322810 322833
322836 322847
322881 322902
322904 322927
322943 322953
322978 322993
323014 323022
323030 323044
323230 323241
323259 323263
323277 323282
323287 323301
323328 323335
323347 323361
323366 323386
323388 323409
323413 323420
323426 323435
323462 323479
323492 323514
323528 323548
323560 323575
323590 323629
323640 323648
323678 323694
323716 323720
323755 323767
323775 323780
323789 323797
323832 323840
323867 323876
323936 323949
324049 324065
324079 324085
324096 324102
324116 324132
324176 324203
324234 324241
324244 324258
324316 324335
324370 324382
324389 324397
324400 324403
324411 324432
324435 324449
324470 324489
324513 324535
324539 324574
324596 324602
324604 324614
324622 324661
324666 324684
324687 324722
324725 324759
324763 324787
324808 324835
324840 324852
324855 324906
324912 324954
324961 325017
325035 325059
325061 325093
325096 325106
325117 325137
325155 325172
325184 325200
325235 325247
325258 325285
325294 325303
325330 325336
325356 325364
325385 325395
325447 325471
325483 325486
325508 325530
325559 325564
325651 325663
325665 325686
325714 325720
325745 325766
325809 325838
325876 325893
325928 325940
326881 326886
327393 327401
328043 328049
328325 328331
328400 328404
328641 328645
328743 328748
328951 328955
328994 329001
329007 329013
329422 329429
329613 329626
329745 329749
329809 329817
329831 329836
329913 329918
329971 329977
329982 329985
330262 330270
330303 330311
330384 330388
330541 330546
330633 330640
330648 330653
330817 330830
330870 330877
330910 330914
330994 330998
331084 331092
331116 331127
331170 331180
331185 331192
331205 331215
331222 331231
331481 331486
331494 331498
331502 331527
331712 331717
331785 331800
331803 331812
331852 331856
331858 331872
331923 331935
331952 331971
332052 332057
332178 332182
332204 332220
332223 332229
332307 332311
332364 332375
332451 332461
332465 332479
332577 332584
332600 332607
332623 332635
332638 332656
332692 332697
332710 332719
332727 332740
332747 332753
332788 332793
332914 332918
333557 333565
333643 333658
333748 333752
333787 333800
334124 334138
334848 334854
334931 334939
334949 334958
335037 335042
335579 335591
335667 335674
335771 335776
335792 335801
336052 336060
336266 336276
336284 336289
336385 336390
336393 336405
336439 336450
336806 336814
336875 336892
336930 336937
336962 336979
337175 337183
337300 337322
337346 337357
337524 337531
337689 337709
337787 337804
337819 337823
337854 337920
337923 337972
337980 337990
337992 338032
353376 353443
353449 353453
353455 353483
353507 353512
353552 353559
353622 353628
353641 353649
353685 353696
354442 354445
354926 354932
355485 355488
355589 355599
356129 356137
356475 356480
357418 357421
357739 357744
359068 359074
361763 361767
400295 400298
410592 410598
422885 422892
448326 448332
448430 448433
448767 448773
449497 449500
458426 458430
467168 467180
467196 467242
467368 467381
467803 467818
467828 467871
467880 467894
467964 467980
468011 468032
468126 468133
468169 468180
468352 468370
468448 468453
468462 468474
468481 468507
468630 468643
468670 468678
468692 468698
468753 468758
468801 468808
468969 468984
468994 469003
469111 469120
469129 469142
469147 469163
469204 469213
469318 469326
469442 469451
469622 469638
469733 469737
469747 469763
469788 469800
469805 469817
469913 469935
470057 470066
470386 470445
470565 470583
470628 470633
470714 470727
470736 470744
470756 470769
471349 471360
471379 471398
471509 471521
471540 471550
471651 471688
471980 471985
471998 472015
472017 472074
472138 472144
472163 472176
472201 472217
472305 472350
472358 472373
472464 472491
472620 472625
472632 472642
472807 472821
472834 472849
472946 472959
472972 472981
472994 473000
473016 473019
473113 473124
473130 473148
473245 473257
473266 473270
473273 473289
473425 473432
473465 473476
473487 473499
473534 473538
473571 473586
473592 473602
473606 473623
473653 473656
473774 473783
473793 473810
473843 473848
473919 473928
474078 474092
474133 474148
474209 474226
474228 474252
474271 474279
474291 474296
474445 474449
474730 474743
474760 474771
474859 474885
474915 474925
475758 475763
576326 576330
576591 576594
601851 601858
602000 602004
637369 637373
641165 641170
641555 641559
643135 643139
644089 644095
644100 644116
644190 644204
644287 644290
644450 644462
644711 644723
644730 644748
645075 645079
645115 645119
645144 645152
645179 645191
645211 645219
645289 645300
645334 645344
645385 645398
645419 645440
645545 645554
645575 645583
645678 645695
645707 645713
645769 645777
646022 646028
646054 646064
646191 646203
646282 646298
646323 646332
646442 646458
646461 646471
646489 646498
646503 646511
646522 646529
646597 646604
646629 646653
646657 646684
646719 646740
646742 646756
646760 646774
646776 646785
646800 646811
646843 646850
646861 646883
646894 646908
646931 646950
646961 647000
647005 647025
647035 647062
647098 647114
647117 647144
647148 647175
647183 647221
647240 647260
647262 647302
647306 647351
647353 647368
647370 647396
647399 647407
647446 647456
647473 647504
647510 647546
647549 647617
647621 647642
647644 647685
647688 647713
647716 647748
647751 647760
647774 647802
647804 647923
647925 647977
647979 647993
647996 648047
648049 648125
648128 648183
648198 648207
648222 648256
648259 648307
648309 648343
648348 648393
648396 648404
648407 648447
648449 648493
648504 648520
648524 648556
648586 648649
648660 648696
648698 648741
648744 648803
648828 648841
648849 649017
649021 649089
649091 649100
649103 649111
649116 649263
649265 649325
649330 649429
649432 649560
649562 649671
649673 649722
649725 649883
649886 649958
649960 649992
649994 650380
760475 761369
761372 761572
761588 761681
761683 761806
761810 761895
761898 762017
762020 762041
762044 762062
762064 762092
762094 762161
762163 762192
762195 762265
762268 762301
762303 762397
762423 762496
762499 762512
762521 762545
762549 762635
762637 762721
762724 762743
762746 762775
762779 762858
762863 762908
762936 762975
762978 763034
763049 763072
763075 763107
763109 763156
763163 763181
763183 763223
763226 763292
763295 763337
763343 763360
763368 763384
763389 763421
763444 763501
763503 763507
763511 763519
763530 763545
763547 763586
763598 763614
763629 763638
763640 763648
763696 763716
763764 763778
763807 763812
763817 763833
763836 763863
763886 763913
764016 764032
764041 764048
764051 764077
764141 764162
764165 764183
764196 764205
764223 764238
764263 764269
764294 764307
764393 764397
764444 764465
764493 764500
764689 764709
764789 764798
764838 764842
764860 764871
764904 764914
765101 765121
765199 765206
765238 765253
765269 765274
765296 765310
765315 765338
765343 765356
765395 765403
765505 765517
765559 765577
765663 765674
765723 765730
765735 765747
765789 765810
765946 765951
766099 766115
766433 766446
766668 766674
766706 766722
767136 767144
767156 767161
767506 767509
767957 767964
793062 793906
794039 794824
800331 800364
800366 800374
800384 800390
800418 800444
800448 800500
800502 801207
802360 802380
802464 802468
807973 807983
808081 808089
808139 808151
808163 808187
808189 808243
808247 808371
812048 812083
812086 812206
812216 812224
812246 812265
812310 812321
812333 812354
812356 812361
812413 812441
812453 812492
812494 812520
812534 812573
816467 816597
816601 816642
816672 816680
816695 816711
816781 816787
816828 816849
821082 821097
821103 821135
822451 822461
822463 822488
825566 825577
827820 827854
827860 827904
827907 827940
830593 830631
830633 830657
830662 830671
832517 832528
832552 832564
832586 832596
832600 832620
832623 832659
836267 836282
836285 836334
836367 836384
838088 838379
838677 838922
839082 839631
840233 840493
840549 840839
841049 841188
841214 841358
841379 841509
841544 841682
841710 841847
841925 842472
842580 842590
842593 843139
843245 843780
843890 844446
844546 845101
845121 845128
852841 852850
852870 853849
853978 854906
854913 854926
855034 855929
858930 858957
858959 858980
859026 859032
859035 859086
859090 859119
859230 859235
859279 859285
859709 859712
865052 865056
870765 870773
877556 877559
883276 883279
883539 883544
883764 883770
887233 887237
894522 894526
895656 895659
911360 911366
917205 917214
917235 917304
919222 919229
919344 919354
924055 924370
928543 928827
931370 931376
931433 931454
931506 931515
931518 931546
931587 931660
931663 931700
931702 931779
941201 941345
941349 941540
941551 941589
941607 941629
941646 941655
941657 941676
941679 941710
941749 941776
954178 954183
954200 954210
956042 956052
956069 956074
956130 956182
958021 958044
958052 958066
958088 958103
960787 960799
962869 962878
962886 962900
965045 965050
968423 968431
968433 968443
970493 971479
971533 972185
975149 975651
976022 976323
976336 976613
976670 977196
977198 977204
977209 977216
977251 977394
977409 977543
977558 977707
977714 977853
977876 978149
983912 983924
983926 983940
983945 983986
983993 984026
984030 984088
988395 988423
988425 988442
988447 988472
988476 988482
988526 988538
988829 988833
989145 989162
993725 993753
993787 993807
994235 994540
994558 994892
998449 998452
998459 998470
998629 998637
998666 998671
999347 999349
999430 999435
999478 999481
1000055 1000059
1000464 1000467
1000486 1000490
1002776 1002789
1004447 1004455
1004810 1004820
1004858 1004866
1004925 1004977
1007913 1007953
1007961 1007983
1008025 1008053
1008075 1008123
1011056 1011063
1011065 1011071
1011073 1011077
1011079 1011101
1011169 1011184
1024010 1024017
1049598 1049603
1059852 1059855
1085450 1085455
1147504 1147514
1163784 1163791
1164126 1164140
1164169 1164172
1164767 1165408
1167387 1167402
1170078 1170088
1172204 1172213
1172308 1172317
1172733 1172743
1172774 1172786
1172865 1172878
1172886 1172891
1172974 1172980
1173048 1173054
1173206 1173234
1173505 1174107
1174111 1174131
1176537 1176543
1178653 1178663
1180676 1180704
1180719 1180724
1180800 1180817
1184451 1184466
1184542 1184546
1184583 1184587
1184610 1184614
1184976 1184979
1189696 1189708
1189838 1189842
1190460 1190470
1190497 1190504
1190573 1190576
1190921 1190927
1191120 1191125
1191460 1191466
1191860 1191867
1191920 1191924
1192207 1192214
1193466 1193469
1197494 1197501
1197856 1197860
1198164 1198168
1198823 1198832
1201952 1201959
1202049 1202062
1202097 1202107
1202121 1202144
1202162 1202167
1202180 1202199
1202230 1202259
1202263 1202311
1202334 1202361
1202377 1202586
1211259 1211331
1211333 1211369
1211371 1211440
1211482 1211512
1211520 1211559
1211565 1211579
1211595 1211603
1211745 1211751
1214392 1214396
1216003 1216018
1216021 1216035
1216040 1216113
1216116 1216148
1219566 1219583
1219595 1219600
1219603 1219631
1219726 1220038
1220040 1220333
1220388 1220405
1222603 1222608
1223812 1223827
1223956 1223966
1224027 1224039
1224047 1224066
1224068 1224086
1224099 1224119
1224133 1224138
1224142 1224150
1224166 1224188
1224219 1224237
1224240 1224300
1232713 1232749
1232753 1232774
1232776 1232792
1232814 1232880
1232890 1232905
1232950 1232966
1233037 1233049
1236194 1236197
1236796 1236817
1236823 1236840
1236861 1236874
1236880 1236916
1238890 1238905
1238908 1238934
1239178 1239280
1241147 1241178
1244358 1244365
1244367 1244422
1244445 1244455
1249819 1249842
1249854 1249870
1250274 1250277
1250574 1250581
1250789 1250795
1259996 1260047
1260050 1260122
1260178 1260186
1260197 1260210
1260260 1260267
1260367 1260372
1263513 1263520
1265566 1265570
1277038 1277042
1289198 1289202
1294135 1294140
1294278 1294290
1295491 1295529
1295606 1295741
1295756 1295893
1295912 1296048
1296067 1296202
1296295 1296441
1296528 1296656
1296756 1296892
1296898 1296901
1296986 1297125
1297224 1297500
1297609 1297628
1297630 1297892
1297920 1298185
1298234 1298485
1298540 1298957
1299088 1299454
1299460 1299475
1299517 1299809
1299845 1299853
1299856 1300104
1300127 1300417
1300447 1300451
1300462 1300716
1300759 1300766
1300778 1301320
1301393 1301935
1302024 1302225
1302263 1302448
1302559 1303079
1303242 1303756
1303873 1304012
1304066 1304202
1304383 1304415
1304418 1305391
1305415 1305420
1306766 1306770
1306790 1306823
1307882 1307891
1307969 1308254
1308480 1308527
1310801 1310821
1310895 1310905
1311205 1311213
1311286 1311302
1311317 1311346
1313515 1313533
1313538 1313562
1313733 1313738
1314152 1314192
1314196 1314226
1314228 1314232
1316896 1316928
1316931 1316959
1316961 1316983
1317004 1317014
1317391 1317395
1317494 1317503
1317524 1317542
1317597 1317655
1320445 1320452
1320873 1320915
1322076 1322085
1323384 1324186
1324265 1324276
1324278 1324522
1324529 1324535
1324612 1324744
1324787 1324921
1325286 1325424
1325457 1325592
1325649 1325778
1325813 1325945
1325979 1326122
1326146 1326282
1326312 1326445
1326473 1326611
1326681 1326964
1327038 1327303
1327402 1327685
1327715 1327722
1327725 1327985
1327990 1327995
1328030 1328287
1328291 1328301
1328338 1328613
1328645 1328916
1328955 1329212
1329250 1329523
1329564 1329808
1329810 1329827
1329862 1330133
1330176 1330440
1330552 1330556
1330573 1330991
1331034 1331438
1331450 1331457
1331486 1332044
1332118 1332653
1332705 1332715
1332733 1333282
1333321 1333872
1333876 1333885
1334204 1334409
1334434 1334635
1334661 1334867
1334905 1335090
1335118 1335327
1335357 1335554
1335578 1335790
1335816 1336008
1336076 1336215
1336305 1336442
1336535 1336672
1336743 1336751
1336764 1336911
1337020 1337051
1338691 1338702
1338841 1338845
1338882 1338890
1340333 1340341
1340353 1340369
1340604 1340623
1342081 1342142
1342171 1342174
1342351 1342367
1342370 1342382
1342402 1342406
1343853 1343886
1343888 1343916
1343942 1343947
1344001 1344039
1344145 1344151
1344236 1344244
1344572 1344579
1345348 1345353
1345614 1345623
1345993 1346113
1346155 1346261
1346285 1346433
1346449 1346585
1346864 1346929
1347455 1347540
1347542 1347546
1347549 1347569
1347763 1347878
1347912 1348028
1348058 1348194
1348201 1348352
1348378 1348491
1348534 1348644
1348717 1348919
1348949 1349146
1349171 1349383
1349415 1349602
1349629 1349843
1349872 1350064
1350140 1350149
1351163 1351233
1351241 1351306
1351396 1351462
1351473 1351538
1351549 1351616
1351625 1351698
1351702 1351772
1351778 1351846
1351856 1351924
1351930 1352001
1352007 1352076
1352087 1352159
1352163 1352236
1352239 1352307
1352317 1352382
1352393 1352461
1352466 1352536
1352547 1352612
1352627 1352690
1353315 1353384
1353392 1353459
1356877 1356886
1356972 1356990
1359501 1359504
1359742 1359747
1361243 1361253
1361291 1361298
1361775 1361783
1362488 1362496
1363731 1363734
1363759 1363765
1363789 1363794
1364446 1364450
1364978 1364985
1365519 1365529
1365778 1365789
1366031 1366039
1366320 1366323
1366446 1366451
1366485 1366495
1366592 1366597
1366711 1366716
1366970 1366982
1367122 1367133
1367181 1367187
1367247 1367252
1367274 1367281
1367468 1367481
1367756 1367760
1367884 1367889
1367892 1367895
1367958 1367962
1367999 1368008
1368186 1368191
1368377 1368392
1368797 1368803
1368809 1368817
1368851 1368874
1368916 1368930
1368996 1369001
1369244 1369258
1369263 1369273
1369314 1369326
1369455 1369462
1369468 1369473
1369477 1369481
1369685 1369694
1369903 1369912
1369920 1369929
1370141 1370146
1370190 1370206
1370438 1370445
1370563 1370580
1370697 1370704
1370856 1370866
1370900 1370907
1370950 1370958
1371157 1371161
1371283 1371295
1371613 1371617
1371683 1371690
1372097 1372105
1372134 1372151
1372173 1372180
1372221 1372225
1372257 1372266
1372357 1372369
1372479 1372501
1372668 1372688
1372720 1372724
1372813 1372819
1373087 1373095
1373146 1373159
1373204 1373209
1373427 1373436
1373439 1373444
1373578 1373589
1373713 1373721
1373966 1373996
1376431 1376441
1377649 1377653
1377681 1377686
1377732 1377901
1377905 1378183
1378196 1378329
1378332 1378341
1378344 1378648
1378651 1379476
1379479 1379941
1379944 1380106
1380109 1380115
1380476 1380486
1380495 1380504
1380634 1380642
1380734 1380743
1380797 1380805
1381094 1381105
1381110 1381121
1381143 1381154
1381169 1381189
1381252 1381260
1381348 1381362
1381388 1381404
1381533 1381539
1381666 1381684
1381691 1381698
1381701 1381705
1381851 1381859
1381959 1381973
1382003 1382007
1382013 1382023
1382152 1382167
1382240 1382249
1382321 1382326
1382702 1382706
1383433 1383440
1383580 1383587
1383968 1383971
1384174 1384198
1384201 1384207
1384209 1384261
1386489 1386530
1388624 1388750
1390001 1390024
1391223 1391229
1391339 1391354
1391444 1391447
1391740 1391746
1391999 1392004
1392265 1392268
1392575 1392580
1394711 1394837
1401799 1401804
1402742 1402746
1402822 1402841
1402908 1402915
1402986 1403000
1404719 1404722
1415117 1415120
1456637 1456641
1472035 1472039
1475476 1475479
1477005 1477009
1480055 1480059
1497555 1497559
1497792 1497795
1497894 1497899
1498028 1498033
1500696 1500702
1505749 1505755
1511295 1511299
1524857 1524861
1531052 1531056
1531098 1531106
1536052 1536059
1536094 1536099
1536548 1536553
1548960 1548973
1548986 1548994
1551075 1551083
1553498 1553504
1554132 1554139
1554311 1554315
1555800 1555804
1556234 1556237
1567538 1567551
1567611 1567615
1571082 1572066
1572069 1572089
1572091 1572099
1572312 1572317
1573431 1573436
1573595 1573601
1573607 1573626
1574664 1574668
1574906 1574919
1574925 1574947
1574949 1575863
1575869 1575885
1575888 1575903
1577428 1578406
1578408 1578427
1579711 1579715
1579996 1580006
1580008 1580977
1581185 1581220
1582487 1582507
1582532 1583477
1583754 1583781
1583786 1584766
1585019 1585055
1585057 1586014
1586016 1586024
1586283 1586289
1587591 1588564
1588921 1588950
1588952 1589739
1589743 1589759
1590228 1590999
1591348 1591365
1592614 1592620
1592664 1593601
1593636 1593648
1593918 1593932
1593935 1593940
1593943 1594882
1599764 1599768
1599795 1599811
1599813 1600798
1602892 1603144
1603162 1603284
1610271 1610291
1611638 1611650
1612813 1612817
1612941 1612945
1613513 1613518
1615271 1615834
1616731 1617303
1617312 1617318
1618469 1618482
1618592 1619129
1619703 1619716
1619727 1620681
1623275 1623279
1623570 1624315
1624357 1624372
1625134 1625147
1625150 1625636
1625646 1625651
1625679 1626172
1626641 1626646
1626747 1627215
1641044 1641062
1641065 1641683
1641685 1641692
1641698 1641709
1641764 1642472
1642514 1642874
1642917 1643303
1643331 1643803
1644636 1644878
1644916 1645187
1645207 1645472
1645917 1646452
1646515 1647439
1647554 1648299
1648306 1648311
1648333 1648337
1652201 1652206
1666450 1666455
1675290 1675294
1675439 1675443
1676498 1676504
1676809 1676819
1676884 1676894
1676897 1676905
1676910 1676916
1676925 1676933
1677081 1677097
1677680 1677685
1677825 1677830
1677971 1677979
1678025 1678032
1678678 1678686
1679048 1679052
1679878 1679887
1680120 1680124
1680297 1680300
1680367 1680372
1680556 1680606
1680609 1680690
1680695 1680716
1680722 1680730
1680752 1680774
1681329 1681333
1681518 1681524
1684092 1684101
1684734 1684740
1684881 1684886
1685449 1685458
1685498 1685502
1686912 1686923
1689322 1689329
1689614 1689619
1690947 1690950
1691954 1691959
1692810 1692815
1693747 1693753
1694536 1694540
1694740 1694751
1695246 1695251
1695349 1695355
1695746 1695752
1696441 1696444
1696838 1696844
1698035 1698039
1698088 1698092
1700306 1700310
1701462 1701469
1701585 1701590
1701603 1701607
1701739 1701743
1702405 1702412
1702416 1702420
1702474 1702491
1702616 1702627
1702983 1702991
1703009 1703015
1703067 1703088
1703188 1703196
1703329 1703348
1703415 1703419
1704006 1704021
1704058 1704063
1704163 1704169
1704338 1704349
1704808 1704815
1704863 1704877
1705453 1706419
1706490 1706501
1706946 1706961
1707532 1707542
1707572 1707576
1707781 1707795
1707915 1707920
1708030 1708038
1708378 1708384
1708438 1708444
1708669 1709630
1709681 1709688
1709784 1709797
1710458 1710462
1710487 1710494
1710753 1710760
1710858 1710864
1711146 1711151
1711267 1711289
1711351 1711359
1711551 1711558
1711909 1711913
1711984 1711992
1712151 1712163
1712195 1712204
1712609 1712612
1712702 1712711
1713190 1713200
1713251 1713255
1713831 1713843
1713964 1713978
1715225 1715231
1715255 1715260
1716140 1716154
1717936 1717943
1718000 1718005
1718292 1718299
1718828 1718831
1718908 1718914
1719056 1719072
1719755 1719762
1719882 1719889
1719952 1719956
1719962 1719977
1720055 1720062
1720195 1720201
1720339 1720350
1720442 1720447
1720890 1720900
1721044 1721052
1721096 1721100
1721159 1721164
1721300 1721307
1721480 1721489
1721609 1721622
1721773 1721777
1721837 1721843
1721941 1721948
1721966 1721984
1722172 1722180
1722544 1722554
1722568 1722573
1722649 1722658
1722929 1722943
1723089 1723266
1723270 1723277
1723470 1723482
1723848 1723856
1723956 1723965
1724055 1724063
1724193 1724198
1724495 1724502
1724666 1724670
1724683 1724687
1725177 1725191
1725332 1725343
1725498 1725513
1725664 1725672
1725752 1725759
1725798 1725806
1726079 1726084
1726263 1726272
1726492 1726519
1726603 1726606
1726687 1726709
1726723 1726735
1726773 1726782
1726802 1726810
1726817 1726823
1726923 1726932
1727195 1727309
1727361 1727644
1727649 1727675
1727723 1727726
1727813 1727828
1727893 1727905
1727925 1727931
1727940 1727952
1727956 1727964
1727991 1727997
1728012 1728041
1728068 1728092
1728094 1728099
1728269 1728285
1728297 1728303
1728351 1728354
1728406 1728412
1728506 1728667
1729267 1729270
1729560 1729565
1730970 1730974
1731105 1731109
1731129 1731464
1731515 1731522
1731818 1731822
1732698 1732706
1732775 1732783
1732806 1732816
1733455 1733462
1733494 1733503
1733777 1733781
1734001 1734009
1734046 1734063
1734297 1734306
1734530 1734539
1734644 1734648
1734660 1734668
1734771 1734778
1734937 1734941
1734980 1734986
1735305 1735313
1735404 1735419
1735594 1735612
1735637 1735658
1735668 1735673
1735766 1735770
1735989 1735997
1736147 1736155
1736362 1736378
1737009 1737014
1737208 1737214
1737229 1737234
1737275 1737298
1737660 1737671
1737985 1738000
1738236 1738250
1738343 1738348
1738361 1738374
1738489 1738492
1738506 1738510
1738676 1738682
1738760 1738774
1738864 1738874
1738973 1738980
1739681 1739694
1739769 1739774
1739798 1739803
1739859 1739875
1740454 1740468
1740644 1740651
1740674 1740685
1740712 1740716
1740766 1740771
1740849 1740855
1741166 1741171
1741348 1741353
1741409 1741413
1741526 1741534
1741633 1741646
1741750 1741764
1741775 1741789
1742125 1742130
1742549 1742569
1742653 1742657
1742814 1742818
1742841 1742851
1743047 1743057
1743306 1743321
1743598 1743612
1743735 1743744
1743968 1743976
1744064 1744067
1744288 1744296
1744382 1744385
1744598 1744615
1744618 1744624
1744629 1744640
1744645 1744658
1744682 1744700
1746387 1746415
1746443 1746450
1746486 1746492
1746534 1746543
1748561 1748573
1748682 1748694
1748930 1748944
1749039 1749049
1749076 1749085
1749120 1749728
1749795 1749813
1751042 1751064
1751135 1751145
1751164 1751170
1751185 1751199
1751208 1751213
1751291 1751304
1751379 1751391
1751415 1751424
1751464 1751490
1751493 1751514
1754085 1754090
1754153 1754179
1754267 1754273
1754345 1754363
1754505 1754514
1754517 1754533
1754550 1754560
1754792 1754820
1755043 1755056
1755117 1755129
1755256 1755260
1755509 1755522
1755535 1755540
1756793 1756806
1756838 1756851
1756877 1756895
1757413 1757421
1757567 1757575
1757691 1757698
1757935 1757950
1758217 1758236
1758357 1758367
1758385 1758389
1758530 1758541
1758683 1758699
1760711 1760727
1760835 1760848
1760870 1760875
1760952 1760961
1761076 1761089
1761118 1761131
1761287 1761298
1761394 1761401
1761455 1761465
1761713 1761722
1761874 1761881
1762025 1762029
1762314 1762319
1762416 1762422
1762637 1762646
1762679 1762698
1764622 1764636
1764643 1764650
1764721 1764731
1764888 1764896
1764966 1764971
1765055 1765061
1765284 1765290
1765422 1765440
1765445 1765450
1765784 1765797
1765809 1765825
1766005 1766027
1768541 1768550
1768553 1768557
1768794 1768798
1768819 1768827
1768831 1768842
1769001 1769009
1769013 1769018
1769317 1769334
1769467 1769472
1769649 1769654
1769777 1769783
1770433 1770441
1770622 1770654
1770801 1770809
1770928 1770935
1771003 1771010
1771112 1771116
1771261 1771276
1771363 1771371
1771475 1771479
1771516 1771529
1771681 1771688
1771839 1771848
1771926 1771942
1771959 1771963
1772219 1772241
1772269 1772276
1772351 1772360
1772401 1772415
1772599 1772603
1772727 1772733
1772834 1772846
1772932 1772938
1772963 1772973
1773102 1773112
1773124 1773127
1773139 1773151
1773162 1773169
1773187 1773192
1773288 1773299
1773469 1773473
1773890 1773897
1774062 1774067
1774467 1774479
1774541 1774546
1774614 1774621
1774681 1774691
1774873 1774886
1775030 1775043
1775319 1775340
1775478 1775487
1775587 1775601
1776433 1776446
1776578 1776587
1776638 1776642
1777478 1777490
1777570 1777574
1777727 1777732
1778048 1778057
1778174 1778184
1778287 1778294
1778550 1778554
1778596 1778605
1778610 1778616
1778669 1778673
1778924 1778927
1778950 1778954
1779006 1779009
1779060 1779064
1779213 1779218
1779252 1779258
1779290 1779298
1779301 1779314
1779318 1779337
1779392 1779402
1779418 1779426
1779437 1779449
1779452 1779463
1779502 1779564
1779575 1779585
1779591 1779605
1779649 1779655
1779693 1779718
1779722 1779751
1779801 1779812
1779824 1779830
1779839 1779844
1779850 1779858
1779894 1779900
1779902 1779921
1780003 1780012
1780023 1780033
1780158 1780165
1780171 1780189
1780198 1780202
1780230 1780266
1780435 1780455
1780487 1780493
1780515 1780528
1780540 1780549
1780679 1780688
1780738 1780752
1780803 1780812
1780836 1780859
1780889 1780899
1780948 1780959
1781013 1781016
1781080 1781091
1781389 1781399
1781411 1781421
1781458 1781467
1781663 1781668
1781709 1781714
1781754 1781765
1781875 1781885
1782234 1782242
1782443 1782456
1782746 1782751
1782962 1782985
1783029 1783043
1783120 1783129
1783180 1783187
1783219 1783225
1783262 1783273
1783383 1783388
1783517 1783521
1783613 1783622
1783716 1783724
1783848 1783858
1783935 1783957
1784246 1784250
1784363 1784378
1784512 1784518
1784575 1784584
1784764 1784770
1784930 1784934
1785504 1785511
1785614 1785619
1786200 1786207
1787142 1787150
1787156 1787165
1787779 1787784
1787942 1787948
1788071 1788077
1788451 1788457
1790687 1790696
1791096 1791101
1791925 1791936
1791981 1791987
1795815 1795820
1799858 1799864
1800318 1800324
1802165 1802169
1803072 1803076
1805127 1805132
1805399 1805412
1805791 1805802
1805878 1805883
1806031 1806051
1806064 1806133
1806136 1806149
1806151 1806185
1806187 1806193
1806204 1806243
1816269 1816294
1816297 1816306
1816309 1816315
1816317 1816354
1816941 1816945
1816950 1816958
1816964 1816982
1817028 1817042
1817050 1817060
1817063 1817066
1817098 1817107
1817118 1817183
1817187 1817206
1817210 1817245
1830567 1830709
1830711 1830752
1830759 1830785
1830792 1830810
1830812 1830817
1830821 1830836
1830839 1830854
1830868 1830876
1830890 1830898
1830911 1830925
1830944 1830963
1830975 1830982
1830992 1831000
1831010 1831020
1831031 1831038
1831070 1831077
1831122 1831126
1831261 1831266
1831677 1831687
1832035 1832039
1832669 1832675
1832680 1832683
1832806 1832810
1833303 1833308
1833452 1833457
1834141 1834146
1834613 1834620
1834797 1834800
1834888 1834908
1835776 1835779
1835868 1835873
1836768 1836771
1837203 1837206
1838366 1838375
1839191 1839195
1839725 1839734
1841560 1841568
1841949 1841953
1842149 1842155
1867583 1867586
1867638 1867647
1867651 1867670
1867681 1867697
1867699 1867726
1867731 1867798
1867800 1867821
1867823 1867938
1876971 1877022
1877024 1877093
1877119 1877145
1877148 1877159
1877166 1877173
1877207 1877214
1907449 1907454
1907472 1907482
1907486 1907490
1907827 1907833
1908357 1908366
1908680 1908685
1908865 1908869
1909343 1909347
1910849 1910852
1911683 1911691
1912609 1912613
1914242 1914248
1918230 1918237
1918662 1918666
1918863 1918867
1918918 1918926
1919311 1919317
1920024 1920027
1920030 1920036
1920049 1920071
1920075 1920085
1920111 1920128
1920159 1920173
1920346 1920352
1920354 1920368
1920416 1920421
1920514 1920521
1920574 1920579
1920589 1920601
1920628 1920634
1920720 1920734
1920803 1920816
1921008 1921014
1921043 1921055
1921069 1921082
1921252 1921268
1921351 1921360
1921497 1921502
1921535 1921540
1921996 1922001
1922105 1922114
1922220 1922225
1922750 1922766
1922780 1922784
1922817 1922822
1923219 1923223
1923268 1923282
1923518 1923524
1923596 1923604
1923708 1923722
1924119 1924130
1924209 1924227
1924486 1924493
1924615 1924620
1924949 1924961
1925241 1925254
1925271 1925284
1925397 1925409
1925414 1925420
1925531 1925536
1925608 1925622
1925682 1925692
1925699 1925705
1925838 1925854
1926083 1926094
1926118 1926122
1926449 1926460
1926504 1926532
1926550 1926565
1926575 1926579
1926618 1926627
1926640 1926651
1926695 1926707
1926711 1926714
1926763 1926768
1926916 1926920
1926930 1926937
1926991 1927018
1927194 1927201
1927499 1927502
1927562 1927578
1927594 1927602
1927611 1927621
1927738 1927749
1927773 1927788
1927880 1927898
1927972 1927978
1928135 1928145
1928279 1928284
1928457 1928464
1928564 1928589
1928603 1928620
1928802 1928815
1928874 1928883
1928959 1928973
1929117 1929123
1929205 1929213
1929240 1929252
1929261 1929276
1929329 1929340
1929500 1929503
1929568 1929573
1929868 1929882
1929946 1929969
1930091 1930096
1930230 1930243
1930284 1930290
1930293 1930300
1930312 1930322
1930478 1930492
1930507 1930516
1930633 1930639
1930694 1930721
1930836 1930862
1930885 1930893
1931170 1931181
1931242 1931251
1931273 1931279
1931507 1931526
1931632 1931641
1931744 1931752
1931775 1931780
1931856 1931864
1931884 1931913
1931964 1931970
1931988 1931993
1932058 1932068
1932262 1932267
1932423 1932427
1932553 1932566
1932581 1932586
1932761 1932767
1932844 1932848
1932876 1932890
1932912 1932927
1933008 1933014
1933143 1933163
1933174 1933179
1933265 1933281
1933323 1933346
1933357 1933361
1933366 1933375
1933739 1933746
1933771 1933788
1933879 1933887
1934127 1934138
1934142 1934152
1934223 1934228
1934238 1934247
1934280 1934292
1934321 1934335
1934357 1934366
1934396 1934400
1934459 1934473
1934808 1934816
1934956 1934960
1935049 1935052
1935090 1935098
1935103 1935117
1935154 1935157
1935184 1935187
1935301 1935310
1935501 1935506
1935585 1935591
1935596 1935604
1935664 1935675
1936061 1936068
1936298 1936308
1936376 1936381
1936711 1936715
1936747 1936756
1936881 1936887
1936989 1937002
1937014 1937028
1937178 1937183
1937189 1937200
1937250 1937257
1937340 1937344
1937485 1937489
1937564 1937573
1937607 1937614
1937670 1937683
1937728 1937739
1937748 1937753
1937894 1937904
1937979 1938001
1938009 1938021
1938108 1938112
1938259 1938270
1938293 1938303
1938478 1938484
1938556 1938564
1938637 1938644
1938845 1938862
1938878 1938886
1938910 1938913
1939013 1939023
1939224 1939233
1939342 1939347
1939453 1939459
1939548 1939553
1939565 1939570
1939604 1939618
1939809 1939819
1939823 1939828
1939875 1939879
1939910 1939919
1940085 1940095
1940128 1940133
1940274 1940287
1940452 1940457
1940470 1940475
1940639 1940650
1940872 1940880
1941028 1941038
1941281 1941286
1941465 1941474
1941495 1941507
1941608 1941633
1941770 1941781
1942025 1942034
1942049 1942061
1942150 1942157
1942199 1942209
1942244 1942255
1942269 1942273
1942291 1942297
1942328 1942346
1942364 1942367
1942426 1942432
1942674 1942680
1942843 1942855
1942936 1942949
1942971 1942988
1942992 1943007
1943121 1943126
1943129 1943135
1943146 1943152
1943280 1943284
1943651 1943671
1943700 1943710
1943858 1943878
1943999 1944007
1944054 1944084
1944118 1944127
1944143 1944174
1944314 1944326
1944413 1944428
1944460 1944470
1944509 1944526
1944864 1944878
1944961 1944973
1945074 1945084
1945180 1945186
1945507 1945533
1945549 1945567
1945617 1945628
1945637 1945715
1945719 1945733
1945737 1945747
1945773 1945776
1945778 1945784
1945787 1945805
1945824 1945835
1945862 1945913
1945916 1945960
1945999 1946016
1946024 1946028
1946031 1946037
1946053 1946081
1946100 1946121
1946132 1946138
1946197 1946216
1946220 1946224
1946227 1946236
1946240 1946254
1946257 1946275
1946301 1946329
1946403 1946424
1946450 1946461
1946474 1946484
1946488 1946496
1946502 1946511
1946515 1946604
1946614 1946623
1946640 1946662
1946681 1946699
1946758 1946775
1946794 1946804
1946816 1946825
1946840 1946902
1946932 1946951
1946989 1946997
1947055 1947069
1947078 1947093
1947157 1947167
1947178 1947202
1947214 1947233
1947263 1947273
1947313 1947322
1947327 1947340
1947395 1947404
1947408 1947418
1947483 1947491
1947523 1947555
1947563 1947572
1947788 1947809
1947816 1947876
1947929 1947938
1947956 1947965
1947989 1947999
1948037 1948044
1948071 1948114
1948120 1948170
1948175 1948188
1948191 1948212
1948216 1948247
1948308 1948317
1948326 1948340
1948348 1948357
1948394 1948398
1948469 1948474
1948487 1948498
1948581 1948605
1948631 1948643
1948688 1948725
1948746 1948750
1948758 1948781
1948783 1948788
1948842 1948871
1948890 1948894
1948898 1948926
1948928 1948932
1948937 1948968
1948982 1948996
1949000 1949021
1949111 1949122
1949125 1949139
1949141 1949147
1949211 1949221
1949243 1949252
1949278 1949287
1949383 1949389
1949392 1949397
1949399 1949412
1949435 1949453
1949478 1949496
1949515 1949524
1949657 1949661
1949718 1949724
1949838 1949843
1949872 1949880
1949887 1949899
1949925 1949939
1949979 1949983
1950050 1950072
1950075 1950125
1950192 1950195
1950258 1950286
1950300 1950306
1950313 1950338
1950383 1950404
1950434 1950445
1950503 1950514
1950525 1950540
1950552 1950560
1950644 1950655
1950670 1950683
1950711 1950731
1950733 1950753
1950772 1950787
1950906 1950919
1951008 1951026
1951062 1951073
1951110 1951123
1951127 1951132
1951156 1951160
1951189 1951195
1951203 1951219
1951258 1951268
1951293 1951303
1951305 1951311
1951340 1951347
1951349 1951372
1951426 1951439
1951518 1951529
1951548 1951561
1951583 1951598
1951607 1951614
1951617 1951629
1951766 1951780
1951793 1951841
1951854 1951864
1951899 1951925
1951935 1951944
1951951 1951973
1952005 1952013
1952027 1952035
1952067 1952074
1952078 1952089
1952186 1952200
1952250 1952258
1952280 1952292
1952294 1952318
1952377 1952392
1952477 1952491
1952602 1952613
1952615 1952654
1952693 1952711
1952778 1952797
1952816 1952835
1952849 1952853
1952921 1952929
1952941 1952957
1953023 1953044
1953081 1953093
1953213 1953220
1953225 1953232
1953250 1953276
1953313 1953327
1953338 1953349
1953413 1953423
1953425 1953438
1953441 1953449
1953465 1953470
1953523 1953536
1953596 1953614
1953634 1953653
1953658 1953675
1953699 1953710
1953863 1953874
1953912 1953932
1953937 1953983
1954071 1954075
1954165 1954213
1954301 1954313
1954334 1954346
1954350 1954358
1954360 1954371
1954439 1954445
1954486 1954505
1954511 1954526
1954542 1954552
1954622 1954631
1954640 1954656
1954659 1954690
1954696 1954713
1954746 1954763
1954767 1954774
1954778 1954783
1954808 1954814
1954817 1954822
1954825 1954836
1954861 1954877
1954941 1954959
1954978 1954985
1955073 1955083
1955151 1955158
1955259 1955293
1955427 1955441
1955490 1955504
1955638 1955657
1955678 1955691
1955733 1955745
1955762 1955770
1955798 1955812
1955895 1955920
1955947 1955962
1956091 1956096
1956101 1956115
1956161 1956169
1956213 1956224
1956290 1956296
1956311 1956321
1956390 1956430
1956436 1956446
1956449 1956487
1956534 1956545
1956560 1956582
1956617 1956621
1956687 1956715
1956788 1956804
1956807 1956813
1956840 1956868
1956871 1956876
1956951 1956988
1957026 1957037
1957039 1957062
1957067 1957085
1957106 1957119
1957168 1957181
1957210 1957222
1957229 1957251
1957262 1957266
1957275 1957285
1957320 1957332
1957345 1957363
1957386 1957397
1957414 1957439
1957456 1957461
1957464 1957475
1957499 1957517
1957584 1957591
1957752 1957792
1957805 1957849
1957885 1957898
1957900 1957906
1957910 1957916
1957936 1957953
1957994 1958019
1958036 1958055
1958058 1958091
1958132 1958150
1958172 1958185
1958221 1958235
1958309 1958329
1958332 1958339
1958344 1958373
1958446 1958469
1958511 1958531
1958534 1958539
1958545 1958562
1958564 1958569
1958655 1958672
1958697 1958706
1958708 1958714
1958790 1958816
1958918 1958924
1958991 1959007
1959036 1959057
1959122 1959127
1959157 1959163
1959184 1959193
1959218 1959249
1959261 1959294
1959338 1959352
1959380 1959396
1959398 1959410
1959488 1959500
1959813 1959832
1959843 1959864
1959939 1959945
1959957 1959976
1960015 1960034
1960037 1960067
1960210 1960214
1960268 1960280
1960320 1960331
1960375 1960392
1960407 1960412
1960450 1960456
1960612 1960624
1960760 1960768
1960788 1960804
1960871 1960885
1960922 1960931
1960945 1960953
1961074 1961082
1961134 1961149
1961296 1961302
1961308 1961322
1961350 1961364
1961470 1961476
1961484 1961488
1961595 1961617
1961666 1961676
1961692 1961710
1961809 1961815
1961835 1961869
1961901 1961917
1961950 1961956
1962016 1962026
1962041 1962045
1962083 1962094
1962143 1962150
1962177 1962186
1962200 1962238
1962258 1962266
1962286 1962292
1962575 1962589
1962596 1962611
1962715 1962733
1962823 1962827
1962843 1962858
1962911 1962930
1962939 1962943
1963002 1963011
1963169 1963181
1963216 1963235
1963244 1963254
1963382 1963387
1963429 1963446
1963540 1963544
1963749 1963760
1963893 1963903
1964022 1964043
1964085 1964095
1964098 1964105
1964163 1964168
1964287 1964300
1964443 1964451
1964567 1964571
1964617 1964626
1964717 1964721
1964841 1964850
1964882 1964893
1964900 1964909
1965354 1965366
1965432 1965439
1965773 1965789
1965847 1965869
1966040 1966049
1966150 1966156
1966189 1966203
1966311 1966321
1966439 1966459
1966506 1966514
1966602 1966613
1966631 1966639
1966695 1966701
1966880 1966885
1966892 1966902
1966954 1966969
1967008 1967020
1967062 1967078
1967143 1967146
1967191 1967200
1967318 1967332
1967380 1967414
1967478 1967495
1967559 1967596
1967673 1967678
1967711 1967731
1967900 1967910
1968051 1968062
1968214 1968221
1968331 1968338
1968474 1968483
1968526 1968546
1968587 1968593
1968717 1968730
1968763 1968776
1968832 1968852
1968881 1968889
1968897 1968902
1968986 1968997
1969228 1969253
1969280 1969297
1969299 1969319
1969362 1969391
1969393 1969403
1969436 1969446
1969498 1969506
1969521 1969544
1969586 1969590
1969593 1969603
1969633 1969646
1969671 1969683
1969691 1969695
1969698 1969704
1969722 1969734
1969762 1969773
1969807 1969817
1969820 1969829
1969872 1969882
1969889 1969895
1969990 1969999
1970044 1970055
1970271 1970301
1970315 1970321
1970364 1970391
1970394 1970415
1970472 1970479
1970487 1970491
1970575 1970595
1970611 1970629
1970825 1970836
1970875 1970887
1970949 1970952
1971074 1971086
1971095 1971117
1971181 1971186
1971228 1971235
1971246 1971257
1971274 1971279
1971281 1971311
1971423 1971438
1971491 1971495
1971498 1971510
1971513 1971519
1971556 1971595
1971612 1971621
1971647 1971652
1971677 1971695
1971707 1971716
1971720 1971733
1971737 1971751
1971796 1971808
1971890 1971898
1971913 1971934
1971944 1971959
1972029 1972062
1972087 1972095
1972097 1972114
1972118 1972125
1972128 1972133
1972135 1972146
1972149 1972171
1972182 1972188
1972238 1972255
1972277 1972301
1972375 1972385
1972391 1972414
1972422 1972441
1972454 1972463
1972519 1972547
1972657 1972671
1972724 1972742
1972745 1972763
1972805 1972832
1972906 1972919
1972983 1972994
1973156 1973164
1973234 1973256
1973305 1973317
1973365 1973380
1973393 1973403
1973539 1973578
1973599 1973605
1973612 1973620
1973724 1973739
1973744 1973754
1973757 1973798
1973800 1973809
1973833 1973844
1974158 1974162
1974271 1974300
1974424 1974440
1974445 1974462
1974488 1974516
1974538 1974554
1974647 1974654
1974687 1974705
1974822 1974829
1974879 1974897
1974920 1974932
1974967 1974976
1974999 1975008
1975043 1975050
1975144 1975154
1975218 1975235
1975266 1975274
1975315 1975322
1975326 1975330
1975342 1975364
1975398 1975421
1975452 1975460
1975532 1975569
1975589 1975614
1975676 1975702
1975799 1975809
1975900 1975907
1975910 1975924
1975929 1975938
1976015 1976023
1976052 1976074
1976085 1976099
1976126 1976138
1976227 1976235
1976251 1976256
1976293 1976321
1976338 1976367
1976459 1976464
1976485 1976493
1976514 1976518
1976647 1976657
1976661 1976673
1976691 1976701
1976758 1976767
1976784 1976798
1976903 1976906
1976925 1976937
1976961 1976973
1976987 1976992
1977082 1977093
1977178 1977182
1977184 1977191
1977244 1977261
1977274 1977291
1977328 1977333
1977421 1977446
1977451 1977464
1977506 1977536
1977582 1977617
1977621 1977634
1977652 1977661
1977747 1977764
1977772 1977782
1977818 1977827
1977906 1977918
1978079 1978087
1978146 1978164
1978167 1978187
1978211 1978236
1978325 1978335
1978499 1978533
1978590 1978605
1978612 1978616
1978630 1978641
1978697 1978709
1978782 1978791
1978794 1978807
1978809 1978817
1978820 1978826
1978832 1978837
1978865 1978879
1978951 1978960
1979001 1979010
1979021 1979029
1979116 1979122
1979161 1979187
1979190 1979203
1979240 1979254
1979266 1979276
1979372 1979379
1979521 1979524
1979571 1979577
1979601 1979613
1979634 1979639
1979846 1979858
1979868 1979887
1979897 1979905
1979909 1979940
1980089 1980094
1980104 1980115
1980122 1980127
1980179 1980244
1980248 1980255
1980257 1980292
1980400 1980421
1980462 1980485
1980528 1980534
1980581 1980612
1980678 1980696
1980717 1980731
1980745 1980752
1980758 1980780
1980892 1980907
1980928 1980938
1981014 1981034
1981083 1981098
1981126 1981166
1981244 1981249
1981514 1981520
1981562 1981576
1981656 1981667
1981699 1981706
1981760 1981772
1981800 1981808
1981906 1981916
1981979 1981988
1982133 1982145
1982211 1982215
1982240 1982250
1982324 1982354
1982358 1982367
1982433 1982453
1982520 1982535
1982619 1982640
1982730 1982735
1982762 1982778
1982783 1982807
1982885 1982909
1982969 1982983
1983017 1983021
1983057 1983060
1983090 1983106
1983175 1983187
1983348 1983384
1983389 1983434
1983526 1983535
1983575 1983579
1983583 1983593
1983649 1983672
1983918 1983926
1983977 1983996
1984004 1984009
1984024 1984056
1984059 1984071
1984078 1984086
1984092 1984108
1984131 1984138
1984200 1984216
1984231 1984243
1984337 1984342
1984364 1984389
1984442 1984447
1984457 1984464
1984493 1984513
1984542 1984551
1984556 1984566
1984579 1984591
1984645 1984664
1984719 1984728
1984740 1984750
1984766 1984772
1985294 1985299
1985356 1985361
1985364 1985368
1985383 1985395
1985547 1985553
1985660 1985669
1985832 1985836
1985839 1985845
1985873 1985880
1985964 1985976
1986002 1986012
1986063 1986075
1986549 1986561
1986607 1986614
1986844 1986853
1986919 1986924
1987074 1987078
1987197 1987201
1987301 1987321
1987496 1987500
1987770 1987774
1988047 1988052
1988271 1988276
1988377 1988381
1988423 1988436
1988440 1988444
1988520 1988529
1988658 1988663
1988773 1988783
1989161 1989174
1989375 1989379
1989465 1989472
1989789 1989800
1990004 1990013
1990051 1990061
1990449 1990461
1990539 1990551
1990609 1990614
1990681 1990698
1990994 1990998
1991086 1991097
1991277 1991289
1991381 1991386
1991598 1991602
1991720 1991724
1991873 1991882
1991924 1991928
1992034 1992050
1992094 1992103
1992126 1992136
1992156 1992162
1992255 1992264
1992715 1992721
1992842 1992855
1992929 1992934
1992953 1992960
1993012 1993018
1993300 1993314
1993355 1993363
1993642 1993650
1993892 1993907
1994107 1994112
1994174 1994187
1994397 1994404
1994732 1994735
1994882 1994887
1995133 1995140
1995329 1995336
1995347 1995351
1995549 1995554
1995767 1995777
1995811 1995823
1995896 1995906
1995954 1995959
1996357 1996366
1996551 1996555
1996741 1996745
1996793 1996798
1997151 1997155
1997314 1997317
1998715 1998719
1998969 1998975
1999064 1999068
1999263 1999273
1999575 1999587
2000384 2000389
2000410 2000414
2001252 2001259
2001315 2001322
2002192 2002205
2002235 2002245
2002249 2002258
2002418 2002429
2002555 2002577
2003101 2003113
2003465 2003475
2003851 2003860
2003950 2003970
2004201 2004208
2004426 2004429
2004603 2004607
2004676 2004683
2005554 2005557
2005766 2005770
2005840 2005847
2006303 2006308
2006665 2006675
2006835 2006839
2007261 2007270
2007373 2007390
2007628 2007635
2008109 2008123
2008410 2008416
2008920 2008924
2008954 2008962
2008975 2008983
2009083 2009088
2009486 2009491
2009524 2009533
2010566 2010576
2011072 2011083
2013036 2013050
2013532 2013538
2013860 2013864
2014757 2014761
2014966 2014972
2016046 2016051
2017218 2017225
2018784 2018788
2019909 2019916
2020029 2020042
2020706 2020711
2020966 2020970
2021470 2021483
2021517 2021521
2022074 2022078
2022117 2022128
2022217 2022222
2023486 2023493
2023584 2023590
2023620 2023627
2024438 2024442
2024921 2024925
2026917 2026922
2027665 2027671
2028813 2028820
2029464 2029468
2030714 2030722
2031471 2031476
2031936 2031941
2032132 2032146
2033737 2033745
2034125 2034131
2037686 2037689
2039004 2039009
2039287 2039289
2040988 2040991
2041863 2041868
2042098 2042102
2042873 2042885
2043289 2043294
2044479 2044485
2044561 2044568
2045078 2045083
2045334 2045337
2045403 2045407
2046085 2046088
2046322 2046328
2047433 2047446
2047650 2047655
2047811 2047817
