18 35
146 166
359 383
488 502
504 528
530 549
557 576
594 644
719 728
1057 1074
1138 1160
1189 1225
1659 1698
1748 1751
1924 1946
2024 2027
2109 2118
2759 2796
3045 3053
3087 3110
3594 3607
4132 4167
4621 4653
4776 4787
5091 5099
5158 5173
5263 5274
5359 5363
7629 7643
8569 8584
8685 8689
9342 9356
10030 10036
10386 10391
11742 11749
12099 12114
12411 12428
13143 13230
13232 13330
13334 13375
13387 13460
13462 13510
13562 13598
13717 13749
13752 13772
13787 13881
13906 13924
13994 14013
14074 14119
14146 14157
14220 14226
14229 14233
14249 14264
14429 14443
14473 14493
14590 14594
14630 14655
14728 14734
14796 14817
14844 14857
14943 14959
15344 15377
15447 15455
15590 15594
15676 15687
15866 15903
15946 15967
16194 16203
16273 16311
16379 16405
16592 16617
16687 16714
16748 16755
17001 17008
17167 17202
17338 17351
17379 17426
17693 17702
17862 17873
17935 17949
18052 18072
18264 18273
18304 18308
18337 18343
18411 18435
18450 18463
19055 19094
19100 19123
19296 19305
19446 19469
19513 19524
19686 19700
20106 20113
20115 20138
20161 20168
20182 20209
20553 20569
20824 20852
20937 20943
21671 21690
21877 21881
22102 22114
22510 22534
22540 22546
22679 22696
22710 22715
22894 22910
22921 22928
23112 23125
23164 23173
23175 23191
23354 23366
23450 23459
23748 23759
24088 24092
24104 24113
24616 24633
24659 24707
25041 25054
40830 40844
43861 43866
47444 47449
48082 48087
49463 49470
51296 51309
51552 51562
51695 51712
51744 51781
51866 51876
51897 51909
51911 51917
51969 51980
52049 52071
52078 52095
52137 52178
52385 52397
52402 52418
52452 52465
52625 52637
52874 52896
52977 52993
53082 53087
53321 53332
53430 53440
53549 53556
53560 53568
53716 53724
53751 53779
54031 54046
54151 54166
54246 54255
54310 54320
54439 54470
54475 54485
54602 54605
54649 54681
54780 54804
55121 55137
55408 55422
55604 55619
55673 55691
55699 55706
55715 55735
56089 56104
56233 56255
56379 56403
56573 56591
56621 56631
56671 56684
56687 56706
56807 56815
57012 57024
57219 57238
57243 57253
57290 57309
57642 57652
57712 57719
58044 58061
58411 58422
58612 58624
59169 59189
59241 59247
59642 59659
59785 59797
59838 59845
59884 59896
59980 59996
60130 60136
60291 60298
60341 60350
60509 60525
61140 61162
61253 61256
61290 61296
61596 61607
61654 61659
62274 62297
62309 62336
62338 62349
63046 63084
63119 63123
63602 63621
64387 64396
64684 64688
67311 67317
67782 67788
69210 69215
74917 74923
77894 77897
78825 78829
79243 79251
80214 80223
80318 80332
81539 81544
83146 83153
83326 83335
86101 86108
86538 86548
86823 86829
87666 87674
87779 87794
88652 88659
89275 89279
91789 91794
95033 95038
97261 97265
97878 97885
113648 113659
113729 113742
114329 114335
115271 115293
115295 115310
115462 115477
115538 115544
115569 115575
115706 115710
115745 115756
116044 116048
116540 116563
117335 117363
117439 117451
117454 117458
117467 117479
117539 117552
117574 117578
117692 117711
117790 117802
118016 118049
118195 118199
118202 118207
118454 118460
118666 118676
118704 118712
119279 119292
119489 119505
119507 119515
119703 119718
119873 119888
119918 119933
121148 121152
121254 121268
121270 121282
121307 121316
122666 122704
122826 122843
122887 122891
123044 123067
123112 123125
123156 123162
123289 123302
123902 123911
124209 124218
124222 124228
124314 124330
124485 124492
125329 125348
125446 125453
125755 125759
126019 126025
126069 126077
127246 127250
127550 127555
127672 127678
131711 131715
133670 133675
135268 135281
139011 139017
139101 139106
139249 139253
139264 139268
139529 139535
140142 140157
142097 142109
142358 142365
145281 145297
145466 145472
146290 146308
148430 148434
148480 148491
148761 148771
149093 149098
149405 149426
149528 149539
150003 150008
150106 150116
151917 151923
152043 152054
153673 153676
154461 154465
154996 155005
155575 155579
155701 155705
156062 156087
156274 156278
156478 156486
156891 156903
157395 157403
158125 158132
158757 158763
159058 159065
159658 159666
159677 159682
160880 160894
161861 161864
162207 162215
162292 162299
163510 163519
163778 163785
164000 164006
166816 166831
166851 166859
167192 167205
167249 167260
167286 167301
167306 167319
167354 167370
167493 167500
167689 167698
167757 167770
168125 168136
168399 168405
169209 169219
169883 169894
170312 170322
170437 170453
170587 170603
170896 170907
171891 171902
171983 171992
172050 172055
172134 172144
172241 172249
172400 172422
173063 173073
173185 173201
173437 173443
173638 173645
173689 173707
173773 173782
174043 174057
174538 174547
174602 174635
175062 175070
175125 175130
175293 175314
175807 175814
176054 176063
176091 176104
176553 176559
177406 177418
177731 177742
178443 178452
178658 178672
178758 178762
179193 179213
179216 179237
179276 179318
179341 179356
179360 179388
179461 179468
179475 179496
179520 179529
179583 179595
179661 179672
179724 179743
179944 179967
180052 180056
180248 180268
180695 180723
180791 180812
180825 180832
180987 180999
181100 181117
181211 181221
181258 181266
181655 181660
182279 182284
182699 182708
182937 182945
183276 183284
183286 183291
183466 183478
183639 183644
184003 184021
184282 184300
185516 185538
185685 185691
186048 186057
186059 186065
186166 186175
186303 186307
186457 186466
186495 186499
186807 186817
187582 187595
188309 188313
188764 188769
189753 189767
190712 190722
191326 191340
191928 191935
192008 192011
192081 192086
192160 192171
192361 192365
192408 192416
192457 192478
192582 192602
192627 192635
192829 192834
193288 193293
193791 193798
193881 193894
194128 194135
194716 194720
194766 194769
195281 195294
195472 195483
195848 195855
196369 196379
200953 200956
201193 201202
201278 201290
202005 202011
202592 202598
203302 203317
204161 204168
208093 208106
208194 208200
210601 210607
210613 210626
210848 210862
211948 211952
212477 212489
217924 217930
218006 218013
218376 218382
219264 219271
219456 219467
221449 221454
222303 222312
222459 222467
223131 223137
224014 224026
228961 228968
229896 229906
230501 230507
231274 231283
231337 231353
235186 235224
235226 235240
235267 235275
235283 235322
235389 235427
235485 235529
235531 235599
235609 235621
236138 236145
237359 237363
238002 238009
239371 239378
239628 239635
239637 239642
240629 240636
241511 241516
242118 242124
244170 244177
261034 261041
264295 264312
266497 266512
269540 269545
269817 269822
270530 270536
271216 271220
277347 277350
282211 282215
282252 282257
282283 282294
282322 282334
282353 282362
282365 282373
282385 282396
282424 282438
282446 282452
282470 282483
282503 282532
282555 282572
282578 282624
282629 282634
282655 282661
282664 282679
282693 282702
282704 282715
282717 282733
282736 282750
282752 282777
282785 282792
282794 282820
282830 282833
282836 282842
282848 282853
282855 282874
282876 282905
282907 282939
282946 282949
282951 282967
282969 282980
282982 282986
282991 282997
283004 283009
283013 283023
283027 283037
283039 283046
283048 283077
283080 283100
283104 283109
283122 283146
283152 283160
283218 283226
283228 283240
283260 283267
283288 283309
283380 283397
283420 283426
283475 283484
283497 283509
283511 283518
283527 283553
283562 283574
283576 283580
283589 283595
283597 283619
283621 283644
283657 283669
283671 283686
283688 283696
283699 283707
283709 283738
283740 283744
283746 283754
283756 283764
283773 283776
283778 283823
283825 283869
283871 283875
283881 283888
283890 283900
283918 283924
283926 283946
283948 283962
283969 283981
283983 283997
283999 284026
284028 284048
284050 284058
284060 284093
284095 284140
284142 284190
284192 284220
284223 284260
284262 284284
284286 284320
284323 284343
284358 284363
284368 284381
284384 284420
284423 284441
284444 284457
284460 284467
284475 284478
284480 284495
284507 284512
284514 284529
284532 284537
284565 284572
284612 284626
284662 284672
284730 284742
284751 284756
284791 284795
284797 284801
284809 284821
284823 284836
284861 284864
284870 284879
284899 284911
284921 284925
284942 284948
284986 284992
285028 285033
285091 285100
285103 285116
285123 285146
285148 285152
285159 285167
285170 285177
285185 285189
285195 285198
285200 285210
285215 285220
285233 285261
285265 285306
285308 285316
285324 285332
285345 285364
285367 285377
285380 285389
285404 285422
285424 285432
285435 285452
285455 285476
285482 285501
285505 285524
285526 285536
285561 285568
285600 285622
285672 285679
285688 285701
285719 285737
285743 285746
285769 285792
285802 285829
285842 285849
285872 285879
285932 285945
285988 285997
286039 286043
286108 286119
286147 286163
286168 286174
286216 286231
286234 286238
286240 286255
286259 286267
286272 286293
286301 286305
286307 286338
286341 286347
286349 286355
286357 286367
286383 286389
286396 286400
286403 286415
286417 286471
286473 286483
286485 286494
286498 286509
286512 286516
286518 286534
286552 286569
286571 286593
286612 286626
286633 286662
286664 286670
286686 286699
286703 286747
286750 286771
286774 286783
286787 286793
286804 286817
286829 286845
286877 286894
286897 286905
286945 286951
286964 286979
286981 286987
286996 287002
287025 287051
287060 287077
287104 287114
287124 287138
287141 287156
287200 287220
287226 287230
287249 287259
287261 287272
287282 287292
287294 287297
287302 287311
287328 287337
287358 287370
287372 287376
287378 287391
287393 287399
287410 287420
287427 287451
287454 287458
287463 287466
287476 287483
287485 287513
287516 287547
287549 287562
287564 287586
287588 287637
287639 287735
287741 287747
287750 287782
287784 287790
287792 287800
287802 287805
287807 287820
287822 287836
287838 287861
287863 287874
287878 287893
287895 287914
287916 287958
287960 287995
287997 288062
288064 288073
288075 288078
288080 288127
288129 288145
288150 288162
288164 288176
288178 288196
288198 288237
288244 288270
288274 288289
288297 288342
288344 288350
288353 288364
288366 288382
288388 288398
288401 288419
288422 288431
288433 288440
288442 288453
288457 288465
288473 288486
288488 288506
288509 288527
288550 288571
288579 288599
288608 288618
288629 288667
288676 288682
288717 288727
288744 288758
288770 288774
288781 288784
288788 288827
288842 288854
288879 288884
288886 288895
288898 288903
288917 288934
288940 288954
288956 288973
288975 288989
288998 289033
289097 289104
289116 289135
289154 289160
289192 289206
289210 289216
289235 289240
289341 289347
289416 289427
289436 289441
289443 289458
289514 289523
289614 289624
289626 289632
289684 289693
289695 289700
289716 289721
289738 289749
289763 289778
289784 289791
289810 289815
289819 289828
289840 289847
289850 289862
289866 289874
289878 289895
289897 289916
289923 289953
289957 289965
289969 289989
289992 289998
290000 290007
290010 290023
290027 290038
290040 290047
290050 290055
290057 290064
290066 290073
290075 290091
290094 290111
293440 293444
294090 294094
294473 294481
294616 294632
294679 294686
294811 294814
294925 294938
295400 295407
295512 295519
296310 296321
296528 296532
301252 301256
305720 305723
305852 305859
306306 306315
306847 306854
309326 309333
309351 309370
309372 309396
309400 309442
309444 309485
309487 309504
309506 309510
309834 309907
309911 309962
309964 309982
310169 310226
310229 310261
310263 310277
310279 310315
310318 310392
310586 310594
310596 310628
310643 310661
310663 310680
310682 310695
310709 310736
310739 310773
310785 310810
310812 310872
310874 310934
310936 310958
310960 310976
310980 311028
311030 311039
312673 312763
312767 312802
312804 312816
312818 312867
312869 312968
312978 313010
313013 313082
313086 313129
313136 313156
313167 313201
313204 313282
313284 313328
313330 313393
313395 313405
313407 313415
313417 313511
313513 313565
314241 314316
314318 314381
314389 314414
314420 314475
314478 314502
314505 314561
314563 314573
314575 314623
314655 314686
315777 315807
315810 315819
315821 315849
316014 316036
316038 316059
316061 316071
316179 316252
316254 316286
316288 316297
316310 316351
316356 316385
316429 316445
316447 316452
316456 316513
316517 316525
316527 316539
316541 316549
316554 316564
316569 316581
316595 316601
317927 317973
317975 318023
318025 318033
318150 318153
318155 318165
318168 318185
318320 318345
318350 318364
318366 318402
318409 318445
318455 318504
318511 318527
318530 318541
318546 318556
318558 318593
318596 318616
318618 318635
318643 318670
318679 318694
318697 318720
318734 318748
318760 318780
318782 318792
318807 318882
318885 318908
318914 318936
318938 318947
318949 318982
318986 319039
319041 319118
319120 319131
319135 319176
319178 319202
319207 319214
319225 319278
319280 319315
319331 319353
319356 319363
319374 319398
319400 319418
319420 319428
319442 319450
319457 319472
319475 319483
319561 319578
319606 319618
319640 319649
319654 319694
319698 319703
319706 319739
319743 319785
319792 319813
319818 319855
319859 319873
319876 319881
319883 319898
319900 319907
319909 319933
319943 319965
319967 319979
319982 319987
319990 320028
320037 320065
320067 320131
320133 320183
320209 320230
320242 320291
320312 320340
320359 320367
320369 320389
320398 320412
320418 320460
320462 320513
320521 320575
320579 320625
320629 320663
320683 320694
320712 320768
320775 320815
320852 320855
320868 320900
320903 320952
320954 320971
320978 321015
321025 321058
321060 321073
321075 321086
321088 321099
321120 321136
321138 321151
321153 321176
321181 321200
321321 321356
321362 321390
321404 321427
321443 321457
321460 321504
321517 321547
321551 321580
321596 321627
321645 321704
321855 321879
321881 321914
321966 322000
322002 322008
322010 322045
322047 322073
322075 322081
322083 322183
322187 322212
322215 322224
322227 322326
322329 322337
322340 322381
322413 322424
322445 322460
322462 322476
322490 322583
322585 322598
322606 322654
322657 322677
322682 322716
322732 322740
322746 322760
322776 322792
322809 322869
322876 322961
322973 322994
322998 323024
323029 323061
323079 323108
323111 323120
323210 323217
323227 323244
323247 323283
323285 323314
323316 323325
323327 323335
323338 323361
323364 323410
323412 323444
323446 323483
323485 323515
323518 323551
323553 323577
323579 323649
323653 323661
323663 323672
323674 323697
323710 323729
323745 323770
323772 323786
323788 323824
323827 323841
323845 323896
323898 323909
323911 323929
323932 323963
323983 324002
324005 324014
324048 324086
324091 324112
324114 324136
324139 324144
324175 324204
324206 324266
324280 324298
324313 324344
324346 324358
324360 324383
324388 324405
324410 324450
324468 324490
324492 324503
324505 324536
324538 324574
324578 324616
324619 324661
324665 324723
324725 324759
324761 324789
324798 324836
324956 325018
325022 325027
325029 325094
325096 325108
325115 325138
325151 325248
325257 325286
325294 325306
325308 325337
325340 325347
325353 325365
325370 325396
325405 325415
325421 325488
325507 325531
325552 325565
325644 325688
325692 325788
325796 325849
325851 325860
325862 325923
325926 325973
326017 326048
326163 326177
326251 326269
326349 326366
326398 326403
326455 326491
326500 326505
326665 326669
326846 326855
326874 326887
326967 327007
327016 327033
327070 327078
327120 327155
327180 327185
327270 327278
327309 327316
327327 327344
327352 327381
327383 327402
327412 327429
327455 327462
327488 327496
327527 327543
327590 327654
327675 327682
327745 327762
327819 327846
327926 327959
327965 327975
328008 328020
328041 328062
328104 328122
328150 328161
328317 328332
328379 328405
328407 328417
328427 328435
328458 328463
328465 328483
328487 328496
328549 328560
328595 328627
328631 328647
328649 328665
328708 328720
328723 328749
328751 328757
328768 328781
328951 328956
328989 329014
329051 329061
329197 329213
329248 329268
329291 329308
329310 329365
329368 329380
329389 329433
329511 329521
329524 329553
329557 329567
329570 329586
329593 329607
329609 329627
329744 329750
329760 329785
329808 329818
329825 329837
329853 329876
329911 329920
329931 329953
329955 329969
329971 329986
329989 329994
330007 330029
330124 330132
330260 330298
330300 330330
330382 330395
330438 330470
330472 330478
330481 330486
330532 330538
330540 330552
330600 330628
330632 330641
330645 330657
330660 330676
330730 330751
330775 330844
330853 330883
330909 330918
330942 330954
330993 331008
331074 331098
331100 331147
331167 331193
331199 331252
331331 331350
331352 331374
331376 331393
331449 331475
331477 331529
331534 331552
331555 331578
331580 331599
331604 331637
331708 331718
331721 331749
331764 331828
331848 331881
331884 331942
331944 331973
332009 332025
332051 332058
332142 332184
332188 332230
332283 332358
332360 332396
332411 332425
332430 332530
332540 332556
332576 332585
332588 332612
332621 332679
332691 332708
332710 332741
332746 332754
332785 332796
332907 332919
333046 333071
333093 333104
333126 333142
333232 333238
333469 333495
333556 333583
333642 333669
333671 333688
333742 333753
333778 333801
333828 333848
334025 334053
334122 334140
334158 334167
334669 334687
334755 334813
334820 334860
334879 334908
334930 334942
334945 334966
335016 335033
335037 335046
335072 335092
335578 335596
335600 335610
335613 335627
335658 335674
335750 335783
335791 335802
336049 336064
336222 336237
336241 336261
336265 336296
336298 336325
336383 336413
336429 336454
336620 336632
336699 336712
336783 336815
336821 336850
336853 336870
336873 336897
336908 336938
336960 336982
336987 336992
337166 337207
337289 337326
337345 337358
337376 337413
337518 337533
337536 337549
337630 337639
337645 337672
337679 337711
337731 337746
337923 337975
353495 353513
353515 353548
353550 353579
353582 353655
353674 353699
353708 353717
353741 353777
353779 353795
353888 353899
353908 353913
354008 354012
354147 354169
354206 354226
354307 354311
354338 354345
354352 354360
354441 354456
354596 354606
354608 354637
354731 354755
354906 354937
354950 354965
355280 355287
355296 355310
355324 355351
355474 355494
355524 355546
355555 355561
355566 355580
355588 355608
355652 355666
355763 355778
355893 355903
356097 356110
356114 356140
356194 356205
356371 356384
356461 356469
356473 356480
356536 356558
356703 356738
356835 356854
357101 357107
357339 357365
357417 357422
357621 357645
357733 357745
357770 357776
357980 357985
358295 358321
358369 358375
358441 358450
359064 359075
359994 360002
361721 361732
361762 361772
362150 362161
364965 364969
369387 369395
386111 386116
390324 390333
390425 390429
395970 395979
396622 396625
397012 397017
397116 397125
397803 397808
398099 398104
400294 400301
401521 401526
408362 408367
409610 409623
409642 409654
409689 409696
409796 409803
409863 409876
409879 409884
409897 409934
410006 410012
410045 410054
410377 410395
410532 410538
410591 410603
411005 411018
411194 411200
411695 411700
413140 413148
414498 414505
417175 417182
418900 418908
420107 420112
422508 422521
422579 422589
422626 422645
422884 422901
422925 422934
424200 424206
427035 427038
430880 430885
433895 433903
433950 433956
433993 434002
434587 434594
440957 440964
448030 448038
448295 448306
448317 448344
448358 448365
448418 448435
448564 448591
448767 448774
448816 448821
448891 448898
448922 448930
449496 449508
449559 449563
449923 449947
450583 450593
452062 452073
453295 453308
453611 453615
455309 455314
456891 456897
457142 457151
457740 457747
458425 458430
458991 458995
459447 459452
459703 459709
459768 459774
461145 461154
462458 462462
467024 467033
467099 467135
467166 467184
467193 467244
467360 467383
467547 467562
467643 467654
467685 467698
467717 467734
467757 467769
467802 467821
467827 467873
467879 467895
467961 467980
467993 467998
468009 468033
468106 468120
468123 468135
468146 468166
468168 468182
468308 468346
468348 468395
468442 468454
468460 468475
468479 468509
468629 468652
468665 468682
468691 468710
468751 468760
468800 468838
468948 468963
468965 468985
468989 469006
469106 469124
469127 469145
469147 469169
469182 469220
469239 469250
469279 469327
469440 469457
469488 469493
469616 469642
469731 469738
469747 469784
469787 469836
469911 469940
470054 470071
470098 470109
470376 470446
470504 470510
470544 470584
470611 470640
470711 470729
470735 470745
470756 470772
471347 471363
471377 471399
471507 471522
471539 471558
471649 471691
471880 471916
471979 471987
471996 472079
472090 472115
472122 472149
472154 472178
472198 472218
472305 472350
472357 472375
472462 472497
472619 472628
472630 472655
472748 472765
472805 472850
472930 472941
472945 472960
472970 472987
472992 473001
473003 473014
473016 473020
473110 473125
473129 473156
473244 473263
473265 473292
473295 473323
473421 473441
473445 473458
473461 473477
473480 473500
473532 473540
473570 473588
473591 473664
473773 473784
473789 473810
473831 473849
473880 473890
473917 473929
474070 474097
474101 474105
474107 474155
474187 474193
474196 474201
474203 474241
474243 474253
474256 474281
474287 474296
474367 474371
474406 474410
474440 474450
474549 474591
474728 474749
474758 474774
474837 474899
474901 474928
474986 474994
475291 475318
475737 475772
476268 476271
478863 478868
479306 479314
481625 481629
482044 482053
483053 483067
483537 483545
484271 484285
487023 487028
488710 488726
488735 488746
494964 494972
495661 495665
495690 495700
495898 495905
497044 497053
498062 498069
499083 499089
502774 502782
511485 511491
513295 513303
513713 513721
515512 515517
517471 517480
518199 518204
518660 518664
520058 520066
520285 520290
520298 520303
527409 527418
534229 534238
535061 535067
536453 536463
536573 536577
537023 537029
538652 538659
544208 544212
544301 544311
544323 544329
545682 545689
549104 549112
550945 550958
552295 552301
552593 552604
552894 552900
554836 554843
556603 556611
559104 559112
561524 561535
563367 563382
563465 563478
563486 563501
563580 563586
564112 564127
564312 564322
564546 564552
564997 565009
565317 565322
568276 568279
569660 569667
570410 570425
571180 571186
572205 572212
572749 572754
573722 573725
575362 575372
576126 576140
576164 576178
576326 576331
576341 576350
576499 576511
576591 576596
576978 576986
577240 577253
577956 577964
580952 580958
581735 581739
589631 589636
589856 589865
592344 592348
593156 593161
596396 596402
601644 601663
601851 601862
601998 602004
602156 602170
602869 602889
604481 604494
606040 606046
609990 609997
617037 617045
621511 621517
622473 622477
637369 637374
640023 640027
640615 640622
640679 640691
641163 641170
641251 641274
641287 641298
641524 641548
641550 641559
641809 641816
641971 641980
642172 642179
642414 642430
642472 642516
642599 642614
642769 642789
642792 642811
642859 642870
643068 643075
643116 643158
643228 643242
643417 643424
643430 643450
643549 643559
643716 643723
643725 643731
643734 643748
643764 643796
643824 643855
643858 643867
643913 643960
643964 643974
644019 644045
644063 644097
644099 644118
644188 644206
644233 644238
644271 644278
644286 644305
644325 644363
644365 644375
644409 644508
644612 644650
644705 644770
644794 644842
644846 644914
644955 645000
645074 645108
645114 645142
645144 645155
645158 645170
645172 645192
645194 645207
645209 645241
645286 645331
645333 645355
645368 645441
645574 645598
645601 645636
645638 645659
645677 645722
645733 645815
645848 645890
645893 645926
645940 645981
645984 646006
646008 646093
646095 646141
646152 646188
646190 646248
646373 646407
646441 646472
646474 646499
646502 646538
646540 646605
646609 646654
646656 646686
646854 646913
646929 646952
647094 647114
648496 648563
649020 649113
763815 763883
763885 763948
763950 763959
763961 764014
764131 764191
764193 764258
764260 764311
764313 764398
764400 764419
764421 764440
764442 764466
764468 764490
764492 764526
764528 764586
764588 764648
764650 764671
764817 764901
764903 764979
765028 765041
765057 765077
765079 765146
765177 765189
765191 765208
765229 765234
765237 765263
765267 765275
765288 765357
765394 765404
765431 765452
765492 765577
765580 765623
765625 765660
765662 765681
765685 765710
765712 765732
765734 765783
765785 765821
765834 765879
765881 765887
766056 766152
766170 766199
766224 766232
766234 766266
766297 766318
766390 766417
766431 766484
766502 766551
766565 766577
766613 766621
766638 766648
766664 766748
766756 766793
766802 766809
766842 766848
766850 766902
766938 766973
767006 767018
767040 767059
767068 767087
767134 767145
767156 767163
767225 767247
767330 767353
767502 767512
767760 767770
767778 767792
767868 767874
767952 767972
768108 768127
768628 768636
768940 768947
769007 769018
769319 769326
769688 769696
769975 769983
770165 770177
770286 770292
781727 781730
784112 784116
784305 784308
784971 784982
785503 785514
787715 787724
790109 790118
791420 791427
792659 792667
793045 793056
793960 793963
793990 794003
794850 794862
794922 794933
795100 795104
796425 796440
796728 796740
797780 797791
799000 799009
799919 799929
800309 800324
800326 800391
802415 802459
802462 802469
802493 802522
805254 805266
805967 805985
806571 806575
807972 808018
808021 808054
812215 812229
812231 812241
812243 812307
812309 812362
816658 816686
816689 816712
816739 816753
816755 816793
816825 816850
816853 816880
816885 816897
821075 821144
821146 821167
821170 821191
822323 822329
822416 822448
827652 827659
827819 827857
832502 832539
832545 832549
836337 836356
836358 836364
836366 836385
836387 836447
838020 838054
838470 838485
839033 839049
843212 843239
844486 844495
845110 845130
845432 845452
845993 846008
846756 846761
848956 848962
849969 850014
852572 852579
853895 853906
854980 855001
855008 855026
859152 859190
859202 859226
859229 859237
859239 859290
859315 859346
859350 859406
859408 859426
859580 859590
859708 859713
861073 861080
862070 862076
864062 864068
864200 864204
865052 865056
865939 865943
868445 868449
870541 870547
870570 870579
870651 870672
870763 870774
870784 870795
871024 871033
871549 871556
871719 871724
871902 871909
872179 872190
874023 874035
874757 874761
877497 877510
877542 877548
877555 877560
878293 878297
878435 878443
879510 879518
880658 880675
881361 881367
882297 882302
883276 883284
883335 883343
883422 883428
883508 883513
883537 883545
883619 883655
883691 883719
883756 883771
884553 884558
887205 887212
887233 887240
887368 887375
888382 888385
888546 888550
889340 889346
889648 889659
890998 891002
891389 891395
893130 893140
894520 894530
894873 894887
895526 895537
895614 895628
895653 895660
899173 899178
908839 908846
908972 908979
909664 909668
911359 911367
912199 912203
914144 914148
915028 915034
915117 915121
915673 915677
917194 917222
917224 917304
919210 919230
919317 919328
920897 920910
931191 931195
931235 931256
931350 931367
941645 941712
941714 941807
941819 941826
941908 941918
942119 942125
943157 943167
947334 947338
949514 949522
951330 951337
953118 953126
953207 953219
953726 953733
954156 954191
956037 956083
958049 958081
958083 958126
958373 958396
958430 958437
958462 958486
958580 958583
962885 962906
962910 962963
965038 965053
967120 967140
967142 967146
970395 970421
970463 970480
974434 974442
978875 978878
979978 979983
983804 983822
983902 983941
983943 983988
983991 984027
988445 988484
988525 988562
988567 988573
988592 988603
988743 988754
988826 988835
988857 988870
989060 989070
994080 994087
996245 996250
996855 996861
997912 997919
998410 998424
998448 998457
998459 998472
998483 998488
998520 998531
998593 998613
998625 998640
998660 998672
998856 998862
998905 998918
999214 999222
999224 999244
999323 999336
999346 999351
999423 999437
999477 999482
999575 999583
999672 999685
999750 999765
999919 999927
1000048 1000081
1000086 1000093
1000179 1000183
1000187 1000190
1000278 1000301
1000391 1000395
1000459 1000468
1000484 1000491
1000554 1000558
1000656 1000666
1000827 1000832
1000854 1000865
1001268 1001296
1001321 1001337
1001659 1001683
1001842 1001851
1002026 1002029
1002223 1002237
1002298 1002305
1002461 1002466
1002763 1002772
1002775 1002792
1003231 1003246
1003818 1003825
1003907 1003927
1004441 1004456
1004615 1004639
1004719 1004737
1004776 1004806
1004808 1004821
1004843 1004853
1004855 1004867
1011359 1011364
1012205 1012217
1013778 1013785
1016436 1016439
1024010 1024017
1025632 1025638
1037809 1037812
1042580 1042586
1049597 1049603
1059851 1059855
1067814 1067822
1085451 1085455
1111051 1111056
1136651 1136655
1146919 1146922
1147503 1147515
1152167 1152179
1152245 1152249
1152255 1152263
1152283 1152296
1153233 1153238
1153679 1153689
1154243 1154246
1155769 1155778
1158803 1158810
1159127 1159139
1159306 1159312
1159316 1159329
1159416 1159433
1160563 1160574
1160633 1160643
1161515 1161520
1161666 1161680
1162562 1162578
1162781 1162801
1162934 1162940
1163520 1163541
1163775 1163791
1164123 1164146
1164168 1164194
1164265 1164270
1164306 1164311
1164429 1164450
1164705 1164746
1169844 1169865
1169907 1169915
1169924 1169944
1169959 1169968
1169978 1169985
1169988 1170014
1170016 1170024
1172271 1172284
1172288 1172295
1172298 1172352
1172414 1172500
1172502 1172523
1172526 1172556
1172659 1172694
1172716 1172729
1172733 1172747
1172749 1172787
1172789 1172806
1172809 1172835
1172844 1172882
1172885 1172892
1172894 1172932
1172962 1172970
1172973 1172981
1173034 1173039
1173041 1173084
1173113 1173176
1173178 1173191
1173193 1173242
1173339 1173374
1174110 1174132
1174135 1174159
1174209 1174229
1174291 1174306
1174362 1174385
1176484 1176514
1178596 1178641
1178652 1178665
1178667 1178683
1184510 1184521
1184542 1184552
1184558 1184567
1184579 1184590
1184602 1184640
1184677 1184689
1184942 1184955
1184976 1184981
1185005 1185024
1185261 1185268
1185334 1185337
1186102 1186109
1186338 1186358
1186462 1186470
1186793 1186801
1187279 1187296
1187307 1187320
1187580 1187588
1188144 1188163
1188406 1188419
1188723 1188733
1189032 1189059
1189694 1189712
1189836 1189843
1189892 1189899
1190208 1190215
1190340 1190355
1190420 1190446
1190458 1190481
1190496 1190512
1190566 1190576
1190578 1190593
1190608 1190615
1190649 1190662
1190673 1190715
1190718 1190722
1190762 1190774
1190782 1190803
1190914 1190928
1190946 1190973
1191110 1191126
1191207 1191211
1191274 1191284
1191287 1191309
1191406 1191421
1191458 1191483
1191533 1191541
1191853 1191877
1191919 1191924
1191945 1191957
1191991 1191998
1192029 1192048
1192206 1192216
1192465 1192468
1192514 1192520
1192682 1192689
1192762 1192766
1192787 1192800
1192949 1192954
1193457 1193463
1193465 1193477
1193676 1193687
1194033 1194044
1194221 1194229
1194335 1194352
1194720 1194727
1194851 1194861
1195104 1195113
1195173 1195185
1195264 1195267
1195298 1195308
1195451 1195456
1195680 1195686
1195715 1195724
1195961 1195971
1196033 1196040
1196213 1196232
1196480 1196491
1196802 1196811
1197491 1197502
1197855 1197861
1198157 1198168
1198349 1198356
1198822 1198833
1199051 1199064
1199337 1199346
1200006 1200018
1200022 1200039
1200054 1200075
1200296 1200300
1200841 1200856
1200988 1201031
1201623 1201632
1201647 1201668
1201880 1201906
1201937 1201970
1202035 1202066
1202097 1202158
1202161 1202206
1211582 1211639
1211641 1211689
1211691 1211717
1211741 1211799
1211801 1211848
1211853 1211868
1211915 1211934
1212017 1212022
1212136 1212152
1212220 1212247
1212384 1212399
1213034 1213054
1213059 1213070
1213357 1213368
1213709 1213734
1213736 1213742
1214038 1214060
1214390 1214398
1214447 1214462
1214733 1214741
1214801 1214817
1215052 1215055
1215141 1215145
1215855 1215869
1219593 1219635
1219645 1219677
1219679 1219718
1220356 1220364
1220366 1220406
1222367 1222377
1222379 1222395
1222434 1222458
1222472 1222481
1222601 1222609
1222680 1222696
1223283 1223301
1223337 1223346
1223757 1223766
1223769 1223775
1223802 1223830
1223888 1223902
1223924 1223995
1232941 1232992
1232997 1233018
1233035 1233081
1233171 1233184
1233264 1233271
1233778 1233782
1234284 1234290
1236193 1236198
1236456 1236468
1236795 1236818
1236822 1236874
1236879 1236917
1238970 1238988
1239121 1239135
1239137 1239161
1242120 1242130
1242819 1242830
1243254 1243264
1243282 1243286
1243728 1243732
1243808 1243818
1244340 1244423
1249877 1249962
1250217 1250243
1250271 1250283
1250490 1250494
1250569 1250582
1260126 1260174
1260177 1260187
1260190 1260223
1260241 1260273
1260280 1260331
1260366 1260379
1261309 1261314
1261354 1261366
1261474 1261497
1261727 1261764
1263177 1263182
1263344 1263355
1263511 1263521
1263952 1263969
1264057 1264063
1264948 1264960
1265564 1265570
1266724 1266739
1267216 1267232
1268544 1268548
1271637 1271649
1272059 1272070
1277037 1277043
1277462 1277475
1278362 1278366
1279068 1279074
1285773 1285782
1286846 1286852
1288422 1288431
1289198 1289203
1289429 1289439
1289574 1289580
1289661 1289671
1290517 1290521
1291169 1291181
1291227 1291236
1292018 1292023
1292813 1292825
1292850 1292867
1295490 1295530
1296898 1296902
1300108 1300114
1300116 1300123
1300445 1300459
1300729 1300742
1300744 1300751
1300755 1300767
1304336 1304351
1306704 1306724
1306727 1306746
1306756 1306786
1307882 1307895
1308352 1308370
1308381 1308432
1308462 1308476
1310845 1310862
1310893 1310908
1310986 1310998
1311027 1311039
1311180 1311188
1311195 1311217
1313606 1313615
1313633 1313654
1313732 1313755
1313812 1313822
1313920 1313937
1314027 1314057
1314082 1314095
1316993 1317002
1317348 1317376
1317390 1317422
1317483 1317512
1317523 1317555
1320479 1320495
1320501 1320594
1320776 1320783
1321949 1321972
1322018 1322033
1323190 1323206
1323215 1323231
1323267 1323284
1323349 1323367
1325800 1325807
1327371 1327382
1329563 1329578
1330524 1330557
1331449 1331467
1334119 1334130
1336021 1336028
1336678 1336685
1336742 1336754
1336939 1336949
1336951 1336968
1338673 1338709
1338800 1338814
1338817 1338848
1340343 1340370
1340372 1340457
1340475 1340489
1342179 1342201
1342213 1342261
1342288 1342326
1342330 1342344
1342349 1342398
1343931 1343953
1343957 1343975
1343980 1344040
1344130 1344152
1344233 1344245
1344325 1344356
1344359 1344383
1344500 1344510
1344512 1344521
1344570 1344604
1344609 1344633
1344759 1344762
1344829 1344846
1344949 1344975
1345199 1345233
1345347 1345358
1345448 1345466
1345604 1345628
1345638 1345650
1345664 1345676
1346850 1346932
1347136 1347160
1347751 1347755
1348522 1348530
1350114 1350136
1350138 1350150
1350248 1350285
1350310 1350319
1350358 1350370
1350444 1350453
1350668 1350676
1350707 1350721
1350764 1350785
1350793 1350823
1350951 1350976
1351157 1351234
1351236 1351308
1351395 1351464
1351472 1351542
1351548 1351622
1351776 1351846
1351855 1351926
1351928 1352003
1352006 1352078
1352239 1352308
1352310 1352384
1352546 1352613
1352616 1352699
1352744 1352758
1354075 1354083
1354292 1354298
1354403 1354408
1354735 1354746
1354963 1354969
1355541 1355546
1355548 1355554
1355556 1355563
1355615 1355636
1355893 1355899
1356674 1356698
1356800 1356810
1356848 1356899
1356961 1356997
1357128 1357153
1357317 1357324
1357404 1357439
1357539 1357554
1357694 1357703
1357722 1357746
1357774 1357799
1358078 1358090
1358315 1358359
1358437 1358465
1358523 1358527
1358734 1358752
1358875 1358899
1358941 1358954
1359011 1359037
1359063 1359088
1359091 1359110
1359131 1359144
1359296 1359338
1359341 1359369
1359380 1359404
1359408 1359433
1359500 1359505
1359615 1359625
1359706 1359731
1359734 1359753
1359793 1359811
1359823 1359849
1360066 1360075
1360081 1360093
1360123 1360129
1360256 1360263
1360372 1360407
1360812 1360843
1360980 1360989
1361102 1361109
1361124 1361130
1361167 1361184
1361242 1361255
1361287 1361313
1361401 1361408
1361435 1361463
1361468 1361490
1361653 1361683
1361737 1361766
1361768 1361809
1361819 1361845
1361852 1361877
1361897 1361912
1361931 1361943
1362001 1362010
1362085 1362137
1362211 1362272
1362329 1362343
1362452 1362460
1362467 1362505
1362527 1362568
1362791 1362813
1362939 1362971
1363099 1363143
1363240 1363282
1363434 1363442
1363461 1363470
1363524 1363570
1363726 1363754
1363758 1363766
1363788 1363795
1363935 1363949
1364059 1364069
1364147 1364183
1364240 1364277
1364446 1364469
1364471 1364488
1364524 1364539
1364617 1364627
1364634 1364662
1364732 1364765
1364772 1364794
1364797 1364836
1364849 1364865
1364972 1364985
1365085 1365102
1365157 1365165
1365344 1365385
1365411 1365423
1365435 1365453
1365513 1365535
1365539 1365605
1365616 1365631
1365695 1365707
1365757 1365797
1365823 1365838
1365848 1365882
1365915 1365930
1365939 1365971
1366030 1366063
1366248 1366267
1366319 1366325
1366445 1366457
1366459 1366515
1366517 1366533
1366592 1366599
1366652 1366717
1366796 1366819
1366885 1366902
1366962 1366998
1367045 1367069
1367094 1367138
1367142 1367151
1367161 1367188
1367232 1367252
1367254 1367265
1367267 1367291
1367341 1367359
1367361 1367370
1367460 1367482
1367556 1367561
1367606 1367621
1367633 1367711
1367756 1367768
1367829 1367854
1367883 1367896
1367926 1367977
1367998 1368055
1368057 1368095
1368186 1368197
1368253 1368328
1368333 1368343
1368358 1368401
1368431 1368469
1368541 1368578
1368599 1368635
1368637 1368680
1368683 1368713
1368716 1368740
1368793 1368804
1368807 1368829
1368838 1368846
1368848 1368875
1368879 1368899
1368915 1368932
1368934 1368967
1368969 1369023
1369025 1369071
1369082 1369113
1369175 1369226
1369238 1369285
1369313 1369348
1369350 1369390
1369421 1369441
1369450 1369481
1369483 1369520
1369544 1369580
1369584 1369623
1369630 1369666
1369684 1369704
1369706 1369746
1369748 1369764
1369793 1369823
1369887 1369955
1369964 1370033
1370107 1370136
1370138 1370166
1370188 1370226
1370228 1370232
1370234 1370270
1370272 1370289
1370321 1370327
1370394 1370446
1370484 1370517
1370519 1370537
1370562 1370602
1370604 1370645
1370689 1370732
1370769 1370780
1370845 1370894
1370898 1370940
1370942 1370967
1371137 1371178
1371267 1371309
1371387 1371407
1371485 1371498
1371600 1371638
1371683 1371695
1371744 1371796
1371858 1371868
1371898 1371939
1371945 1371958
1371960 1371970
1372003 1372022
1372088 1372113
1372131 1372213
1372215 1372268
1372286 1372290
1372293 1372327
1372336 1372383
1372436 1372443
1372458 1372512
1372536 1372573
1372580 1372642
1372770 1372798
1372800 1372842
1372852 1372858
1372860 1372883
1372888 1372896
1372898 1372937
1372967 1372980
1372982 1372999
1373004 1373043
1373045 1373083
1373085 1373172
1373175 1373199
1373201 1373226
1373247 1373290
1373293 1373352
1373373 1373447
1373450 1373473
1373475 1373534
1373568 1373592
1373595 1373620
1373628 1373657
1373660 1373724
1373792 1373825
1377669 1377712
1380209 1380241
1380244 1380248
1380251 1380269
1380303 1380329
1380428 1380461
1380464 1380508
1380510 1380536
1380617 1380630
1380633 1380643
1380646 1380720
1380728 1380745
1380747 1380771
1380782 1380846
1380848 1380859
1380862 1380915
1380918 1380982
1380984 1381002
1381020 1381036
1381038 1381066
1381074 1381105
1381107 1381162
1381164 1381194
1381347 1381419
1381421 1381443
1381445 1381492
1381495 1381531
1381533 1381540
1381543 1381549
1381551 1381612
1381769 1381805
1381849 1381860
1381881 1381895
1381931 1382026
1382029 1382039
1382115 1382128
1382144 1382176
1382178 1382205
1382207 1382230
1382239 1382255
1382278 1382291
1382293 1382318
1382320 1382369
1382372 1382390
1382433 1382443
1382460 1382549
1382666 1382708
1382724 1382756
1382758 1382799
1382863 1382887
1382902 1382907
1382909 1382914
1382969 1383003
1383058 1383072
1383089 1383157
1383220 1383258
1383345 1383380
1383432 1383442
1383516 1383530
1383573 1383614
1383669 1383691
1383766 1383777
1383909 1383915
1383918 1383948
1383968 1383972
1383976 1383984
1383993 1384017
1384027 1384047
1384049 1384070
1384074 1384095
1384134 1384169
1391176 1391210
1391222 1391230
1391252 1391280
1391336 1391371
1391428 1391448
1391482 1391517
1391587 1391592
1391608 1391633
1391647 1391679
1391714 1391737
1391739 1391769
1391771 1391807
1391910 1391921
1391983 1391987
1391994 1392013
1392015 1392031
1392157 1392174
1392264 1392268
1392276 1392283
1392574 1392583
1394956 1394959
1394972 1394989
1395358 1395365
1395557 1395571
1395813 1395828
1396023 1396027
1396116 1396122
1396381 1396386
1396676 1396682
1396878 1396895
1397118 1397126
1397425 1397448
1397697 1397702
1398175 1398189
1398275 1398285
1398385 1398395
1399546 1399552
1399993 1399997
1400898 1400914
1401799 1401805
1401869 1401882
1402742 1402748
1402823 1402842
1402907 1402914
1402985 1403005
1403077 1403083
1403840 1403846
1404718 1404723
1405400 1405410
1406829 1406837
1407007 1407017
1407033 1407036
1407038 1407053
1407659 1407672
1409793 1409801
1409880 1409885
1410980 1410983
1412757 1412764
1415114 1415121
1415867 1415873
1420245 1420251
1421756 1421764
1426077 1426083
1442913 1442920
1443697 1443701
1446550 1446555
1448005 1448014
1456636 1456642
1458624 1458631
1459231 1459239
1459793 1459802
1468607 1468614
1472033 1472039
1472525 1472530
1472533 1472545
1472873 1472883
1473652 1473663
1474759 1474764
1475475 1475480
1476140 1476145
1477004 1477013
1478893 1478899
1480054 1480063
1480857 1480861
1483861 1483864
1489550 1489553
1492524 1492538
1495035 1495041
1495352 1495366
1497554 1497559
1497670 1497688
1497791 1497796
1497892 1497900
1498027 1498037
1498134 1498150
1498206 1498210
1498285 1498300
1498784 1498794
1498926 1498935
1499443 1499461
1499465 1499471
1499619 1499624
1499812 1499822
1500010 1500015
1500694 1500705
1502372 1502378
1503047 1503055
1503750 1503756
1504691 1504701
1505741 1505757
1507546 1507552
1507613 1507618
1508622 1508626
1508716 1508721
1508756 1508765
1508893 1508905
1509231 1509249
1509256 1509260
1509936 1509941
1510411 1510434
1511295 1511300
1512835 1512853
1513425 1513430
1513438 1513454
1514084 1514089
1514583 1514586
1515907 1515914
1516384 1516390
1516749 1516759
1518488 1518502
1518655 1518663
1519465 1519472
1519709 1519718
1520153 1520164
1520691 1520705
1520997 1521023
1521048 1521059
1523598 1523605
1523717 1523724
1523863 1523878
1523883 1523891
1523925 1523929
1524009 1524025
1524191 1524214
1524701 1524706
1524854 1524869
1524984 1524993
1525051 1525056
1525722 1525740
1526349 1526369
1526573 1526577
1527418 1527424
1529512 1529516
1529570 1529573
1530298 1530307
1531045 1531057
1531097 1531112
1531490 1531497
1531535 1531548
1533201 1533206
1533635 1533647
1533707 1533732
1534798 1534812
1535389 1535405
1535774 1535779
1536049 1536061
1536092 1536107
1536365 1536381
1536548 1536555
1536563 1536569
1537436 1537442
1538603 1538610
1539455 1539468
1541715 1541719
1542560 1542574
1542610 1542613
1543176 1543186
1543685 1543697
1544563 1544572
1545020 1545031
1546085 1546089
1546266 1546270
1546312 1546331
1547031 1547050
1547231 1547254
1547418 1547445
1547507 1547517
1548262 1548267
1548601 1548606
1548850 1548877
1548960 1548980
1548986 1548999
1549531 1549535
1549543 1549553
1549774 1549783
1549801 1549806
1550201 1550212
1550379 1550404
1550721 1550734
1550740 1550746
1551074 1551087
1551275 1551289
1551407 1551418
1551422 1551432
1551679 1551688
1552080 1552085
1552848 1552860
1552919 1552941
1553013 1553019
1553372 1553388
1553472 1553477
1553494 1553506
1553508 1553523
1553643 1553675
1554131 1554140
1554193 1554203
1554247 1554265
1554301 1554315
1554319 1554323
1554525 1554528
1554792 1554833
1554986 1554997
1555034 1555057
1555207 1555234
1555785 1555792
1555798 1555805
1555838 1555856
1556172 1556196
1556234 1556239
1556630 1556638
1556805 1556811
1556850 1556867
1556890 1556896
1557274 1557280
1557698 1557756
1557921 1557927
1558057 1558067
1558715 1558724
1559108 1559112
1559630 1559656
1559673 1559678
1559816 1559824
1559913 1559931
1560232 1560250
1560513 1560521
1560691 1560699
1560701 1560718
1560962 1560973
1561286 1561294
1562223 1562238
1563183 1563188
1564481 1564489
1566986 1566992
1567537 1567552
1567556 1567565
1567587 1567640
1567910 1567921
1568206 1568218
1569987 1569995
1571059 1571067
1572135 1572148
1572215 1572227
1572308 1572318
1573358 1573370
1573372 1573384
1573429 1573437
1573468 1573477
1573547 1573570
1574725 1574747
1574828 1574833
1574888 1574920
1577163 1577194
1578456 1578484
1578518 1578538
1578559 1578593
1578662 1578672
1582334 1582346
1583491 1583527
1584774 1584799
1584986 1585005
1586057 1586069
1586223 1586230
1587355 1587372
1587419 1587431
1588758 1588763
1591010 1591033
1591302 1591366
1592610 1592621
1592625 1592659
1593611 1593619
1593621 1593627
1593629 1593658
1594886 1594907
1596430 1596443
1596446 1596463
1597269 1597274
1597353 1597361
1597568 1597573
1599347 1599371
1599754 1599772
1602067 1602072
1602510 1602513
1603514 1603525
1603753 1603757
1603791 1603800
1604194 1604203
1604790 1604809
1607021 1607052
1607093 1607103
1610259 1610300
1611637 1611659
1612206 1612216
1612248 1612257
1612515 1612526
1612811 1612820
1612863 1612875
1612937 1612950
1613087 1613092
1613095 1613102
1613195 1613213
1613288 1613292
1613512 1613520
1613575 1613591
1616036 1616041
1617329 1617355
1619644 1619650
1620701 1620718
1620803 1620810
1623208 1623212
1623271 1623280
1623349 1623360
1624342 1624380
1625639 1625660
1626223 1626227
1626634 1626648
1629144 1629149
1630751 1630755
1632678 1632683
1633315 1633321
1633445 1633450
1634131 1634136
1636815 1636822
1637525 1637532
1639530 1639536
1641696 1641717
1646455 1646470
1647528 1647551
1648332 1648349
1651276 1651279
1652131 1652156
1652200 1652208
1666444 1666455
1669282 1669286
1670274 1670278
1671004 1671010
1671028 1671033
1671767 1671777
1671885 1671890
1671969 1671979
1672669 1672686
1672690 1672701
1673790 1673802
1674806 1674825
1674858 1674876
1674936 1674944
1675266 1675274
1675280 1675295
1675437 1675444
1675567 1675575
1675577 1675603
1676056 1676068
1676139 1676151
1676378 1676391
1676496 1676506
1676718 1676731
1676802 1676806
1676808 1676820
1676866 1676880
1676882 1676906
1676909 1676917
1676919 1676944
1677050 1677077
1677079 1677144
1677347 1677362
1677392 1677402
1677431 1677463
1677481 1677509
1677511 1677526
1677546 1677566
1677575 1677588
1677628 1677642
1677670 1677685
1677821 1677831
1677841 1677872
1677943 1677952
1677970 1677991
1678024 1678038
1678040 1678051
1678316 1678352
1678355 1678381
1678383 1678387
1678573 1678610
1678622 1678627
1678672 1678706
1679047 1679078
1679095 1679110
1679203 1679215
1679755 1679777
1679783 1679792
1679804 1679823
1679839 1679852
1679868 1679892
1680032 1680063
1680115 1680126
1680297 1680309
1680359 1680385
1680458 1680487
1680515 1680536
1680940 1680951
1681027 1681062
1681247 1681279
1681328 1681334
1681515 1681526
1681536 1681551
1681560 1681571
1681607 1681616
1681629 1681643
1681736 1681745
1681900 1681927
1682165 1682173
1682330 1682339
1682406 1682413
1682447 1682464
1682478 1682490
1682509 1682529
1682532 1682541
1682607 1682632
1682861 1682872
1682883 1682905
1683323 1683335
1683350 1683371
1683446 1683463
1683551 1683566
1683589 1683605
1684091 1684103
1684148 1684154
1684182 1684194
1684200 1684217
1684273 1684277
1684444 1684462
1684469 1684482
1684520 1684527
1684538 1684552
1684731 1684745
1684879 1684889
1684998 1685010
1685296 1685307
1685440 1685472
1685497 1685503
1685581 1685592
1685663 1685667
1685838 1685853
1685931 1685941
1685960 1685974
1686040 1686044
1686311 1686330
1686901 1686933
1687004 1687016
1687281 1687316
1687390 1687399
1687408 1687442
1687558 1687562
1687582 1687596
1687615 1687635
1687678 1687681
1687964 1688008
1688142 1688161
1688195 1688213
1688576 1688588
1688663 1688687
1688697 1688703
1688815 1688824
1688827 1688833
1688926 1688946
1688982 1689026
1689078 1689088
1689221 1689224
1689284 1689301
1689322 1689338
1689341 1689367
1689429 1689434
1689462 1689471
1689548 1689564
1689573 1689583
1689596 1689599
1689613 1689639
1689642 1689653
1689981 1690002
1690782 1690795
1690824 1690864
1690943 1690951
1691944 1691960
1692025 1692042
1692126 1692134
1692152 1692162
1692195 1692202
1692428 1692447
1692529 1692544
1692720 1692740
1692784 1692820
1692892 1692908
1692937 1692942
1693107 1693116
1693702 1693711
1693747 1693759
1693797 1693805
1694353 1694358
1694365 1694380
1694389 1694393
1694438 1694448
1694476 1694509
1694532 1694540
1694728 1694754
1694894 1694899
1695063 1695076
1695245 1695254
1695307 1695327
1695347 1695356
1695466 1695479
1695518 1695540
1695574 1695584
1695740 1695754
1696319 1696331
1696437 1696445
1696483 1696488
1696778 1696801
1696829 1696848
1697003 1697036
1697169 1697201
1697284 1697288
1697290 1697338
1697480 1697498
1697537 1697548
1697558 1697573
1697608 1697612
1698007 1698024
1698034 1698041
1698084 1698093
1698243 1698273
1698275 1698280
1698284 1698288
1700252 1700272
1700305 1700311
1700325 1700355
1700432 1700452
1700651 1700676
1700722 1700784
1700858 1700887
1701037 1701045
1701137 1701153
1701457 1701479
1701585 1701591
1701601 1701614
1701738 1701748
1701804 1701836
1701888 1701906
1701931 1701942
1701994 1702029
1702141 1702161
1702185 1702196
1702244 1702256
1702400 1702413
1702415 1702431
1702433 1702455
1702473 1702540
1702561 1702586
1702591 1702647
1702651 1702666
1702679 1702689
1702865 1702887
1702912 1702921
1702960 1702993
1703005 1703049
1703052 1703092
1703187 1703209
1703315 1703320
1703327 1703348
1703351 1703427
1703436 1703465
1703469 1703487
1703610 1703638
1703697 1703742
1703845 1703851
1703949 1703958
1703999 1704025
1704044 1704083
1704086 1704120
1704122 1704154
1704156 1704171
1704230 1704251
1704279 1704316
1704324 1704362
1704431 1704462
1704603 1704616
1704620 1704650
1704679 1704692
1704696 1704718
1704720 1704756
1704807 1704816
1704847 1704918
1704939 1704958
1704960 1704974
1705063 1705074
1705078 1705101
1705263 1705333
1705338 1705353
1705432 1705450
1706443 1706455
1706484 1706541
1706557 1706621
1706659 1706674
1706807 1706821
1706877 1706905
1706907 1706935
1706937 1706974
1707055 1707059
1707061 1707099
1707101 1707118
1707294 1707331
1707333 1707338
1707449 1707527
1707531 1707543
1707545 1707581
1707583 1707606
1707636 1707653
1707664 1707688
1707781 1707811
1707861 1707874
1707901 1707934
1707940 1707948
1708021 1708042
1708147 1708183
1708235 1708262
1708269 1708280
1708307 1708372
1708377 1708417
1708436 1708454
1709650 1709689
1709778 1709804
1709811 1709838
1709901 1709936
1709984 1710001
1710050 1710067
1710070 1710080
1710082 1710146
1710242 1710272
1710275 1710284
1710286 1710291
1710298 1710324
1710339 1710388
1710403 1710423
1710425 1710497
1710552 1710564
1710583 1710605
1710647 1710719
1710721 1710776
1710807 1710823
1710857 1710865
1710974 1710999
1711016 1711053
1711131 1711141
1711144 1711154
1711165 1711182
1711204 1711223
1711239 1711297
1711316 1711363
1711394 1711407
1711426 1711451
1711479 1711488
1711491 1711497
1711537 1711559
1711592 1711616
1711619 1711655
1711692 1711699
1711731 1711757
1711788 1711828
1711885 1711918
1711922 1711966
1711975 1712003
1712138 1712175
1712185 1712257
1712262 1712296
1712332 1712340
1712353 1712365
1712368 1712409
1712441 1712458
1712465 1712517
1712564 1712593
1712602 1712691
1712693 1712712
1712783 1712814
1712862 1712866
1712869 1712960
1712962 1712981
1712983 1713037
1713116 1713148
1713189 1713207
1713209 1713248
1713251 1713272
1713342 1713363
1713365 1713393
1713515 1713564
1713586 1713614
1713649 1713704
1713710 1713745
1713784 1713845
1713852 1713884
1716028 1716042
1716115 1716159
1716166 1716202
1716204 1716215
1716218 1716279
1716340 1716346
1716397 1716423
1716426 1716454
1716459 1716499
1716612 1716625
1716644 1716652
1716834 1716867
1717002 1717030
1717034 1717044
1717067 1717077
1717079 1717092
1717208 1717223
1717253 1717292
1717448 1717461
1717493 1717517
1717618 1717630
1717632 1717683
1717720 1717792
1717877 1717907
1717919 1717944
1717998 1718042
1718044 1718069
1718090 1718146
1718152 1718184
1718267 1718312
1718314 1718350
1718442 1718457
1718523 1718533
1718547 1718582
1718600 1718619
1718666 1718698
1718712 1718721
1718724 1718730
1718735 1718774
1718786 1718791
1718804 1718831
1718886 1718936
1719055 1719076
1719287 1719311
1719335 1719358
1719491 1719503
1719576 1719591
1719625 1719673
1719725 1719737
1719752 1719769
1719827 1719893
1719895 1719904
1719923 1719938
1719942 1719979
1719982 1719994
1720013 1720020
1720022 1720067
1720069 1720138
1720150 1720183
1720185 1720206
1720224 1720289
1720323 1720363
1720365 1720390
1720397 1720414
1720441 1720455
1720467 1720481
1720510 1720538
1720565 1720617
1720619 1720642
1720644 1720665
1720704 1720720
1720722 1720727
1720759 1720786
1720873 1720911
1720965 1720968
1720989 1721024
1721042 1721083
1721086 1721101
1721111 1721145
1721157 1721165
1721169 1721184
1721286 1721311
1721410 1721443
1721447 1721466
1721479 1721536
1721538 1721552
1721579 1721606
1721608 1721638
1721662 1721709
1721740 1721754
1721769 1721778
1721835 1721867
1721877 1721889
1721891 1721916
1721929 1721933
1721936 1721962
1721966 1721989
1722015 1722038
1722152 1722223
1722275 1722303
1722475 1722519
1722521 1722556
1722562 1722577
1722598 1722621
1722625 1722659
1722757 1722772
1722819 1722832
1723013 1723043
1723045 1723057
1723390 1723442
1723447 1723456
1723458 1723508
1723510 1723558
1723643 1723656
1723693 1723758
1723761 1723799
1723801 1723840
1723847 1723867
1723932 1723943
1723955 1723974
1724034 1724049
1724053 1724111
1724114 1724127
1724189 1724200
1724202 1724214
1724411 1724456
1724458 1724517
1724556 1724587
1724620 1724631
1724661 1724700
1724702 1724712
1724727 1724750
1724890 1724909
1724984 1725012
1725014 1725103
1725105 1725151
1725153 1725167
1725170 1725206
1725208 1725292
1725331 1725400
1725403 1725453
1725497 1725514
1725520 1725583
1725611 1725620
1725624 1725678
1725747 1725770
1725776 1725836
1725878 1725894
1725915 1725944
1725953 1725986
1726040 1726102
1726111 1726159
1726262 1726287
1726301 1726311
1726313 1726352
1726461 1726471
1726475 1726521
1726557 1726565
1726571 1726599
1726601 1726630
1726677 1726710
1726720 1726748
1726751 1726763
1726772 1726785
1726787 1726811
1726813 1726824
1726829 1726839
1726905 1726933
1726984 1727022
1727024 1727073
1727694 1727718
1727722 1727734
1727739 1727748
1727750 1727769
1727791 1727837
1727854 1727906
1727909 1727922
1727924 1727933
1727935 1727988
1728142 1728155
1728194 1728210
1728268 1728307
1728350 1728355
1728405 1728426
1728751 1728768
1728856 1728872
1728937 1728968
1729025 1729077
1729079 1729093
1729150 1729162
1729191 1729202
1729221 1729253
1729256 1729271
1729274 1729310
1729313 1729322
1729342 1729354
1729554 1729569
1729659 1729719
1729735 1729770
1729772 1729777
1729850 1729887
1730031 1730040
1730070 1730084
1730232 1730238
1730241 1730286
1730288 1730346
1730350 1730363
1730506 1730542
1730546 1730552
1730607 1730639
1730644 1730667
1730776 1730803
1730839 1730881
1730883 1730929
1730968 1730997
1731017 1731071
1731073 1731087
1731092 1731111
1731494 1731524
1731707 1731746
1731818 1731823
1731916 1731926
1731928 1731983
1732115 1732134
1732168 1732210
1732265 1732278
1732280 1732303
1732319 1732343
1732357 1732376
1732411 1732449
1732490 1732532
1732538 1732561
1732563 1732569
1732571 1732586
1732601 1732625
1732673 1732713
1732743 1732788
1732790 1732855
1732864 1732933
1733027 1733031
1733037 1733067
1733069 1733086
1733090 1733146
1733149 1733195
1733310 1733347
1733375 1733399
1733402 1733420
1733422 1733464
1733478 1733505
1733514 1733557
1733698 1733709
1733738 1733789
1733796 1733840
1733842 1733912
1733971 1733977
1733996 1734065
1734211 1734215
1734226 1734272
1734274 1734317
1734348 1734353
1734360 1734372
1734376 1734402
1734489 1734525
1734529 1734540
1734627 1734649
1734659 1734741
1734759 1734808
1734810 1734836
1734839 1734865
1734879 1734911
1734916 1734948
1734967 1734996
1735014 1735037
1735044 1735091
1735093 1735147
1735149 1735159
1735244 1735265
1735277 1735301
1735304 1735314
1735336 1735358
1735360 1735421
1735476 1735488
1735592 1735620
1735636 1735689
1735693 1735708
1735740 1735772
1735819 1735842
1735891 1735937
1735980 1735998
1736065 1736086
1736109 1736158
1736206 1736222
1736288 1736301
1736326 1736354
1736360 1736410
1736485 1736511
1736583 1736594
1736607 1736620
1736658 1736678
1736681 1736704
1736706 1736737
1736739 1736754
1736824 1736832
1736902 1736910
1736912 1736916
1736944 1736963
1736965 1736989
1736991 1737015
1737018 1737078
1737179 1737255
1737258 1737305
1737308 1737333
1737437 1737484
1737507 1737556
1737558 1737576
1737642 1737646
1737648 1737672
1737692 1737723
1737726 1737749
1737762 1737767
1737827 1737839
1737894 1737917
1737924 1737960
1737983 1738016
1738040 1738052
1738095 1738126
1738146 1738152
1738163 1738176
1738229 1738299
1738307 1738323
1738343 1738349
1738360 1738386
1738388 1738451
1738489 1738493
1738505 1738512
1738524 1738562
1738564 1738624
1738658 1738688
1738737 1738776
1738807 1738845
1738847 1738886
1738888 1738923
1738925 1738932
1738942 1738998
1739052 1739068
1739071 1739118
1739120 1739154
1739156 1739177
1739180 1739209
1739218 1739265
1739268 1739313
1739315 1739362
1739574 1739612
1739630 1739648
1739679 1739695
1739697 1739733
1739746 1739775
1739797 1739812
1739832 1739851
1739853 1739892
1739954 1739973
1739976 1739995
1739997 1740011
1740022 1740032
1740101 1740106
1740109 1740195
1740197 1740244
1740378 1740412
1740448 1740472
1740495 1740528
1740578 1740610
1740612 1740621
1740626 1740652
1740654 1740686
1740710 1740738
1740765 1740819
1740840 1740858
1740860 1740896
1740919 1740934
1740936 1741000
1741152 1741173
1741199 1741280
1741304 1741334
1741346 1741360
1741368 1741386
1741392 1741439
1741443 1741475
1741481 1741574
1741611 1741669
1741672 1741690
1741719 1741766
1741768 1741791
1741800 1741852
1741967 1741984
1742102 1742120
1742122 1742153
1742157 1742165
1742232 1742239
1742242 1742246
1742316 1742339
1742387 1742445
1742447 1742481
1742483 1742502
1742505 1742544
1742547 1742572
1742651 1742658
1742715 1742746
1742749 1742765
1742801 1742824
1742827 1742837
1742840 1742862
1742887 1742896
1742907 1742934
1742993 1743035
1743038 1743071
1743073 1743092
1743123 1743160
1743162 1743183
1743193 1743225
1743228 1743264
1743268 1743322
1743324 1743330
1743352 1743385
1743387 1743410
1743473 1743490
1743559 1743576
1743585 1743655
1743658 1743749
1743766 1743787
1743798 1743831
1743935 1743958
1744175 1744193
1744215 1744234
1744236 1744277
1744284 1744298
1744303 1744314
1744316 1744349
1744370 1744414
1744416 1744443
1744474 1744536
1746485 1746508
1748606 1748617
1748619 1748642
1748666 1748704
1748724 1748742
1748744 1748761
1748833 1748892
1749032 1749062
1749064 1749106
1751067 1751091
1751109 1751200
1751204 1751213
1751215 1751227
1751229 1751246
1751248 1751305
1751309 1751326
1751340 1751353
1751364 1751399
1751409 1751432
1754038 1754055
1754062 1754113
1754117 1754124
1754150 1754202
1754229 1754244
1754248 1754321
1754324 1754367
1754458 1754480
1754504 1754546
1754548 1754564
1754601 1754661
1754723 1754730
1754774 1754821
1754824 1754908
1754938 1754954
1755023 1755030
1755041 1755057
1755060 1755133
1755139 1755165
1755191 1755227
1755244 1755281
1755283 1755318
1755331 1755351
1755369 1755408
1755508 1755532
1756923 1756953
1756997 1757036
1757052 1757102
1757104 1757137
1757193 1757220
1757255 1757277
1757285 1757307
1757349 1757384
1757402 1757460
1757496 1757525
1757564 1757585
1757601 1757651
1757681 1757707
1757728 1757766
1757895 1757912
1757914 1757952
1757954 1758026
1758028 1758062
1758128 1758159
1758162 1758171
1758200 1758237
1758277 1758337
1758355 1758368
1758370 1758393
1758476 1758496
1758517 1758547
1758549 1758564
1758609 1758648
1758663 1758729
1758731 1758779
1760765 1760815
1760833 1760849
1760851 1760877
1760879 1760967
1761015 1761032
1761047 1761065
1761068 1761098
1761112 1761137
1761167 1761229
1761231 1761284
1761286 1761303
1761353 1761402
1761411 1761440
1761443 1761492
1761494 1761550
1761651 1761674
1761676 1761706
1761710 1761738
1761785 1761825
1761842 1761865
1761868 1761883
1761946 1761993
1761996 1762008
1762024 1762038
1762056 1762085
1762087 1762120
1762163 1762190
1762241 1762286
1762295 1762320
1762323 1762351
1762409 1762428
1762445 1762482
1762486 1762528
1762566 1762582
1762585 1762590
1762603 1762699
1764641 1764672
1764706 1764757
1764806 1764816
1764818 1764852
1764854 1764897
1764940 1764981
1764995 1765070
1765072 1765114
1765116 1765122
1765128 1765136
1765166 1765198
1765277 1765291
1765306 1765328
1765332 1765346
1765348 1765397
1765399 1765441
1765443 1765451
1765526 1765541
1765558 1765593
1765662 1765667
1765871 1765901
1765947 1765990
1766003 1766030
1766032 1766075
1768638 1768647
1768649 1768676
1768678 1768719
1768743 1768801
1768818 1768846
1768863 1768888
1768892 1768913
1768917 1768926
1768928 1768933
1768979 1769029
1769031 1769047
1769091 1769119
1769197 1769208
1769221 1769228
1769232 1769251
1769263 1769276
1769281 1769285
1769296 1769363
1769365 1769389
1769391 1769424
1769466 1769481
1769483 1769494
1769496 1769502
1769506 1769540
1769544 1769554
1769562 1769591
1769610 1769622
1769624 1769684
1769723 1769734
1769739 1769750
1769769 1769791
1769794 1769814
1769856 1769867
1769871 1769896
1769947 1769964
1769966 1770010
1770118 1770130
1770133 1770143
1770145 1770208
1770211 1770236
1770332 1770372
1770390 1770451
1770454 1770461
1770465 1770479
1770505 1770548
1770572 1770605
1770616 1770674
1770676 1770699
1770710 1770739
1770760 1770815
1770817 1770848
1770850 1770870
1770886 1770919
1770921 1770936
1770948 1770966
1770974 1770978
1770989 1771047
1771049 1771099
1771101 1771117
1771147 1771152
1771222 1771277
1771362 1771374
1771376 1771402
1771404 1771414
1771475 1771504
1771506 1771534
1771536 1771558
1771580 1771592
1771594 1771611
1771625 1771633
1771669 1771689
1771699 1771730
1771745 1771789
1771800 1771807
1771833 1771860
1771863 1771870
1771872 1771880
1771897 1771904
1771910 1771965
1771967 1771971
1771998 1772025
1772076 1772092
1772094 1772133
1772158 1772243
1772257 1772305
1772309 1772313
1772345 1772376
1772380 1772416
1772446 1772466
1772476 1772521
1772563 1772603
1772616 1772629
1772708 1772734
1772738 1772744
1772783 1772802
1772804 1772888
1772890 1772916
1772918 1772974
1773092 1773113
1773123 1773128
1773130 1773170
1773172 1773206
1773287 1773300
1773328 1773337
1773448 1773503
1773586 1773591
1773594 1773607
1773619 1773626
1773777 1773836
1773856 1773865
1773867 1773907
1773997 1774009
1774011 1774056
1774058 1774072
1774099 1774130
1774157 1774177
1774184 1774226
1774228 1774249
1774251 1774277
1774292 1774309
1774359 1774382
1774384 1774418
1774466 1774558
1774560 1774589
1774611 1774622
1774634 1774679
1774681 1774703
1774855 1774887
1774895 1774899
1774962 1774996
1775014 1775045
1775093 1775117
1775121 1775150
1775187 1775244
1775314 1775341
1775381 1775409
1775413 1775459
1775477 1775489
1775491 1775504
1775690 1775728
1775730 1775751
1775805 1775839
1776014 1776025
1776030 1776051
1776055 1776061
1776063 1776134
1776151 1776196
1776282 1776300
1776302 1776315
1776326 1776367
1776370 1776385
1776411 1776461
1776477 1776493
1776495 1776515
1776518 1776596
1776625 1776643
1776646 1776714
1776723 1776771
1776774 1776786
1776837 1776871
1776873 1776887
1776889 1776906
1776910 1776934
1776947 1776962
1776964 1776972
1776974 1776995
1777064 1777078
1777107 1777130
1777195 1777250
1777252 1777266
1777268 1777347
1777392 1777412
1777414 1777431
1777441 1777520
1777536 1777588
1777591 1777597
1777617 1777663
1777665 1777681
1777685 1777703
1777716 1777723
1777726 1777734
1777736 1777752
1777761 1777795
1777820 1777847
1777863 1777897
1777969 1778063
1778093 1778132
1778135 1778188
1778197 1778217
1778225 1778283
1778286 1778302
1778403 1778420
1778470 1778516
1778526 1778564
1778566 1778576
1778581 1778607
1778609 1778619
1778660 1778694
1778702 1778730
1778783 1778797
1778799 1778820
1778834 1778855
1778861 1778875
1778900 1778921
1778923 1778955
1779003 1779010
1779012 1779016
1779032 1779038
1779050 1779065
1779187 1779218
1779238 1779259
1779262 1779360
1779374 1779388
1779391 1779416
1779418 1779427
1779430 1779498
1779608 1779628
1779645 1779669
1779671 1779682
1779684 1779755
1779758 1779798
1779800 1779813
1779815 1779848
1779850 1779860
1779874 1779922
1779924 1779943
1779962 1779990
1779997 1780016
1780018 1780035
1780095 1780128
1780131 1780221
1780224 1780294
1780296 1780336
1780360 1780371
1780388 1780399
1780402 1780418
1780424 1780458
1780471 1780480
1780486 1780494
1780503 1780538
1780540 1780575
1780583 1780601
1780608 1780636
1780638 1780646
1780672 1780698
1780701 1780754
1780756 1780770
1780791 1780816
1780818 1780864
1780888 1780900
1780910 1780936
1780947 1780974
1780984 1781009
1781011 1781031
1781050 1781118
1781122 1781147
1781240 1781271
1781320 1781345
1781361 1781422
1781424 1781435
1781440 1781477
1781480 1781485
1781503 1781545
1781586 1781596
1781661 1781671
1781694 1781715
1781743 1781793
1781870 1781886
1781944 1781993
1782057 1782096
1782205 1782246
1782251 1782273
1782330 1782377
1782442 1782459
1782508 1782519
1782521 1782532
1782631 1782671
1782674 1782700
1782740 1782754
1782756 1782760
1782782 1782794
1782852 1782871
1782936 1782959
1782961 1782997
1783019 1783046
1783048 1783071
1783073 1783089
1783098 1783130
1783132 1783198
1783203 1783227
1783257 1783274
1783316 1783328
1783380 1783390
1783450 1783483
1783505 1783513
1783515 1783522
1783534 1783588
1783612 1783637
1783646 1783713
1783715 1783767
1783782 1783792
1783796 1783809
1783813 1783887
1783901 1783932
1783934 1783986
1784013 1784053
1784100 1784118
1784183 1784194
1784201 1784213
1784215 1784232
1784244 1784254
1784287 1784300
1784303 1784310
1784312 1784332
1784342 1784389
1784426 1784450
1784467 1784524
1784526 1784548
1784551 1784584
1784631 1784671
1784745 1784779
1784850 1784896
1784899 1784942
1784959 1784975
1784998 1785013
1785152 1785166
1785180 1785213
1785253 1785274
1785283 1785302
1785306 1785373
1785442 1785474
1785503 1785518
1785529 1785540
1785542 1785570
1785581 1785596
1785615 1785627
1785789 1785846
1785848 1785893
1785897 1785917
1786052 1786118
1786120 1786133
1786190 1786210
1786244 1786267
1786521 1786572
1786790 1786861
1786863 1786887
1786929 1786935
1787055 1787068
1787105 1787115
1787139 1787151
1787153 1787176
1787202 1787215
1787261 1787267
1787558 1787572
1787772 1787786
1787903 1787927
1787931 1787949
1788041 1788067
1788069 1788082
1788232 1788259
1788267 1788283
1788310 1788325
1788359 1788377
1788426 1788458
1788585 1788604
1788772 1788784
1788876 1788895
1788897 1788908
1789128 1789141
1789258 1789273
1789299 1789310
1789420 1789443
1789519 1789537
1789643 1789676
1789875 1789879
1790309 1790312
1790362 1790376
1790464 1790473
1790510 1790521
1790636 1790645
1790650 1790680
1790684 1790701
1790748 1790780
1790904 1790913
1790944 1790965
1790988 1790996
1791044 1791052
1791095 1791104
1791286 1791296
1791298 1791305
1791319 1791343
1791420 1791442
1791587 1791615
1791680 1791698
1791725 1791786
1791818 1791830
1791832 1791843
1791922 1791938
1791968 1791988
1792008 1792025
1792048 1792066
1792071 1792081
1792354 1792368
1792473 1792481
1792550 1792570
1792601 1792632
1792848 1792863
1793160 1793189
1793294 1793306
1793312 1793349
1793691 1793716
1794012 1794027
1794535 1794542
1794561 1794574
1794821 1794835
1794983 1794992
1795133 1795170
1795225 1795228
1795803 1795808
1795814 1795823
1795854 1795874
1796468 1796473
1796481 1796492
1796509 1796513
1796671 1796675
1796678 1796687
1796708 1796723
1796790 1796797
1796928 1796938
1796955 1796959
1797284 1797302
1797678 1797686
1798557 1798563
1798732 1798739
1798750 1798788
1799044 1799079
1799351 1799357
1799555 1799592
1799849 1799866
1799961 1799974
1800100 1800106
1800161 1800170
1800317 1800342
1800692 1800699
1800784 1800797
1801949 1801962
1802163 1802170
1802175 1802199
1802560 1802579
1802686 1802700
1802785 1802792
1802870 1802888
1802890 1802898
1802961 1802972
1803062 1803077
1803162 1803168
1803194 1803198
1803264 1803287
1803775 1803809
1803910 1803914
1804108 1804122
1804158 1804165
1804301 1804314
1804520 1804526
1804553 1804561
1804624 1804640
1804829 1804835
1804890 1804905
1805028 1805044
1805126 1805133
1805173 1805201
1805353 1805385
1805397 1805431
1805523 1805532
1805705 1805745
1805747 1805763
1805765 1805783
1805790 1805810
1805821 1805842
1805863 1805924
1816413 1816437
1816542 1816560
1816573 1816592
1816635 1816681
1816705 1816730
1816742 1816764
1816940 1816946
1817070 1817109
1817111 1817207
1830759 1830787
1830789 1830818
1830820 1830855
1830857 1830876
1830878 1830964
1830967 1831005
1831007 1831058
1831070 1831078
1831080 1831091
1831121 1831132
1831165 1831176
1831190 1831196
1831244 1831273
1831278 1831306
1831360 1831369
1831676 1831704
1831875 1831880
1831916 1831922
1831974 1831980
1832034 1832046
1832303 1832313
1832402 1832414
1832420 1832425
1832590 1832607
1832634 1832643
1832657 1832662
1832668 1832676
1832679 1832684
1832805 1832818
1833222 1833234
1833301 1833309
1833332 1833342
1833451 1833463
1833475 1833488
1833529 1833536
1833668 1833691
1833766 1833775
1834140 1834147
1834221 1834224
1834255 1834262
1834329 1834341
1834612 1834627
1834796 1834811
1834869 1834874
1834885 1834909
1835740 1835746
1835776 1835788
1835855 1835874
1835942 1835949
1836084 1836087
1836691 1836696
1836740 1836746
1836767 1836772
1837074 1837079
1837098 1837109
1837202 1837207
1837241 1837249
1837314 1837317
1837617 1837622
1837705 1837714
1837994 1837999
1838053 1838064
1838313 1838320
1838363 1838382
1838413 1838424
1838467 1838478
1838510 1838515
1838653 1838658
1838924 1838931
1839188 1839198
1839360 1839365
1839376 1839385
1839722 1839734
1839771 1839777
1839922 1839929
1840063 1840082
1840107 1840112
1840394 1840403
1840687 1840694
1840753 1840761
1841116 1841128
1841191 1841199
1841214 1841221
1841558 1841569
1841607 1841612
1841814 1841820
1841939 1841954
1842117 1842126
1842132 1842137
1842148 1842161
1842266 1842283
1842603 1842608
1842622 1842631
1842982 1843000
1843030 1843049
1867455 1867462
1867464 1867471
1867532 1867566
1867572 1867587
1867631 1867648
1867650 1867728
1877310 1877314
1878100 1878108
1884098 1884107
1887882 1887885
1897294 1897303
1897346 1897352
1901424 1901430
1902053 1902071
1902256 1902263
1903115 1903120
1903518 1903525
1904068 1904085
1904753 1904773
1904850 1904856
1905122 1905130
1906087 1906115
1906580 1906584
1907212 1907220
1907224 1907233
1907313 1907326
1907442 1907454
1907467 1907483
1907486 1907490
1907546 1907556
1907592 1907608
1907620 1907633
1907744 1907749
1907827 1907835
1907837 1907845
1907959 1907975
1908343 1908350
1908352 1908367
1908492 1908509
1908641 1908662
1908675 1908695
1908765 1908777
1908794 1908799
1908862 1908870
1908872 1908883
1909342 1909351
1910012 1910015
1910017 1910033
1910108 1910120
1910123 1910128
1910244 1910255
1910422 1910432
1910779 1910789
1910843 1910858
1911585 1911592
1911633 1911640
1911666 1911679
1911682 1911695
1911812 1911816
1911819 1911832
1911917 1911921
1912083 1912097
1912608 1912619
1913752 1913759
1914240 1914248
1914459 1914463
1915034 1915051
1915531 1915572
1915815 1915820
1915822 1915832
1916085 1916093
1916132 1916147
1916151 1916160
1916197 1916204
1916383 1916390
1916633 1916648
1916662 1916668
1916719 1916729
1916865 1916884
1916900 1916914
1917424 1917432
1917725 1917731
1917775 1917780
1917943 1917960
1918229 1918239
1918652 1918670
1918726 1918734
1918758 1918766
1918768 1918778
1918858 1918874
1918912 1918933
1919015 1919028
1919310 1919321
1919588 1919609
1919760 1919781
1919909 1919918
1919922 1919931
1920023 1920072
1920074 1920107
1920110 1920131
1920133 1920143
1920158 1920174
1920176 1920182
1920302 1920308
1920324 1920375
1920399 1920428
1920466 1920495
1920497 1920585
1920587 1920634
1920657 1920709
1920712 1920766
1920768 1920790
1920802 1920840
1920842 1920885
1920892 1920919
1920953 1920981
1921006 1921040
1921042 1921056
1921063 1921113
1921143 1921165
1921190 1921198
1921200 1921210
1921212 1921241
1921244 1921286
1921288 1921314
1921339 1921368
1921383 1921403
1921405 1921423
1921443 1921450
1921483 1921512
1921514 1921546
1921552 1921562
1921615 1921656
1921684 1921694
1921722 1921740
1921880 1921886
1921919 1921964
1921982 1922003
1922055 1922080
1922082 1922094
1922097 1922145
1922147 1922160
1922164 1922203
1922218 1922260
1922265 1922278
1922281 1922290
1922357 1922367
1922574 1922606
1922640 1922656
1922720 1922769
1922778 1922802
1922810 1922823
1922847 1922875
1922937 1922968
1923039 1923044
1923080 1923102
1923179 1923192
1923197 1923215
1923218 1923227
1923241 1923259
1923261 1923297
1923300 1923348
1923396 1923425
1923427 1923438
1923470 1923475
1923517 1923526
1923574 1923630
1923694 1923729
1923742 1923751
1923756 1923770
1923784 1923797
1923843 1923878
1923888 1923915
1924115 1924137
1924192 1924230
1924254 1924280
1924294 1924316
1924320 1924367
1924456 1924519
1924570 1924589
1924595 1924604
1924606 1924622
1924638 1924642
1924697 1924738
1924757 1924786
1924788 1924803
1924806 1924837
1924839 1924847
1924854 1924869
1924894 1924904
1924948 1924962
1925053 1925063
1925086 1925094
1925105 1925154
1925156 1925207
1925219 1925305
1925370 1925410
1925412 1925457
1925510 1925537
1925568 1925583
1925586 1925628
1925681 1925718
1925811 1925833
1925836 1925856
1925859 1925924
1925956 1925962
1926001 1926023
1926025 1926037
1926039 1926060
1926062 1926110
1926113 1926135
1926165 1926209
1926282 1926300
1926303 1926361
1926363 1926378
1926411 1926432
1926444 1926464
1926474 1926500
1926502 1926540
1926542 1926566
1926569 1926582
1926588 1926632
1926634 1926691
1926693 1926708
1926710 1926715
1926719 1926736
1926742 1926780
1926796 1926836
1926845 1926911
1926913 1926969
1926973 1927054
1927072 1927078
1927083 1927093
1927095 1927117
1927177 1927205
1927207 1927230
1927341 1927391
1927441 1927503
1927505 1927518
1927531 1927551
1927553 1927580
1927592 1927622
1927648 1927671
1927678 1927750
1927773 1927789
1927805 1927828
1927832 1927864
1927867 1927906
1927909 1927930
1927938 1928002
1928012 1928021
1928044 1928108
1928110 1928113
1928115 1928128
1928130 1928147
1928166 1928230
1928240 1928265
1928267 1928320
1928344 1928367
1928392 1928449
1928455 1928466
1928481 1928491
1928493 1928510
1928522 1928532
1928544 1928630
1928632 1928669
1928671 1928682
1928701 1928715
1928738 1928764
1928766 1928822
1929117 1929130
1929132 1929179
1929189 1929214
1929216 1929306
1929308 1929343
1929345 1929393
1929411 1929433
1929435 1929443
1929445 1929471
1929474 1929496
1929499 1929504
1929507 1929529
1929531 1929620
1929626 1929650
1929711 1929727
1929729 1929769
1929830 1929846
1929849 1929887
1929921 1930005
1930041 1930058
1930061 1930099
1930124 1930185
1930305 1930330
1930332 1930400
1930404 1930439
1930441 1930467
1930469 1930493
1930495 1930521
1930523 1930564
1930566 1930587
1930752 1930809
1930811 1930894
1930906 1930981
1931013 1931035
1931037 1931046
1931048 1931088
1931096 1931143
1931153 1931192
1931194 1931215
1931219 1931238
1931241 1931270
1931272 1931337
1931339 1931429
1931431 1931472
1931489 1931503
1931505 1931527
1931529 1931555
1931566 1931618
1931620 1931656
1931664 1931687
1931689 1931787
1931933 1931949
1931960 1931999
1932002 1932043
1932045 1932093
1932126 1932149
1932151 1932193
1932230 1932252
1932259 1932268
1932273 1932285
1932287 1932315
1932317 1932334
1932336 1932354
1932356 1932446
1932522 1932536
1932538 1932611
1932613 1932687
1932689 1932767
1932771 1932835
1932837 1932858
1932861 1932872
1932875 1932936
1932967 1933032
1933034 1933050
1933053 1933089
1933105 1933114
1933123 1933179
1933222 1933236
1933240 1933262
1933264 1933304
1933323 1933347
1933350 1933383
1933398 1933434
1933436 1933445
1933451 1933490
1933514 1933575
1933588 1933606
1933615 1933650
1933652 1933660
1933664 1933747
1933760 1933763
1933765 1933817
1933820 1933835
1933851 1933900
1933914 1933963
1933966 1933977
1933979 1934011
1934014 1934033
1934035 1934047
1934049 1934061
1934073 1934096
1934100 1934154
1934218 1934229
1934237 1934248
1934251 1934264
1934279 1934301
1934303 1934353
1934518 1934539
1934542 1934577
1934591 1934631
1934658 1934674
1934676 1934726
1934729 1934755
1934758 1934787
1934789 1934820
1934832 1934843
1934853 1934886
1934899 1934918
1934953 1934961
1934999 1935012
1935014 1935077
1935079 1935100
1935102 1935135
1935152 1935158
1935183 1935188
1935246 1935292
1935296 1935333
1935336 1935352
1935393 1935421
1935497 1935515
1935539 1935570
1935584 1935593
1935595 1935643
1935646 1935687
1935690 1935709
1935729 1935770
1935876 1935893
1935912 1935947
1935950 1935990
1935992 1936053
1936060 1936087
1936090 1936108
1936179 1936219
1936229 1936233
1936249 1936283
1936292 1936333
1936362 1936408
1936458 1936486
1936488 1936530
1936532 1936562
1936567 1936602
1936700 1936719
1936721 1936729
1936731 1936757
1936765 1936797
1936858 1936891
1936915 1936979
1936981 1937003
1937007 1937043
1937151 1937200
1937241 1937262
1937277 1937299
1937304 1937338
1937340 1937345
1937347 1937379
1937381 1937418
1937420 1937435
1937437 1937472
1937476 1937517
1937532 1937550
1937554 1937615
1937629 1937653
1937655 1937667
1937669 1937683
1937695 1937745
1937747 1937755
1937757 1937766
1937768 1937794
1937881 1937956
1937977 1938040
1938083 1938113
1938154 1938177
1938189 1938222
1938224 1938254
1938258 1938271
1938275 1938343
1938362 1938413
1938415 1938489
1938515 1938525
1938527 1938552
1938554 1938635
1938637 1938654
1938658 1938698
1938751 1938765
1938796 1938892
1938901 1938914
1938993 1939010
1939012 1939031
1939033 1939053
1939108 1939171
1939223 1939234
1939236 1939281
1939284 1939348
1939350 1939413
1939427 1939439
1939441 1939450
1939452 1939464
1939469 1939522
1939543 1939571
1939573 1939629
1939638 1939678
1939729 1939743
1939797 1939853
1939875 1939906
1939908 1939923
1939933 1939939
1939946 1939969
1939971 1939980
1940016 1940031
1940044 1940076
1940080 1940096
1940102 1940134
1940172 1940200
1940213 1940263
1940266 1940290
1940298 1940302
1940321 1940355
1940416 1940443
1940451 1940476
1940480 1940491
1940496 1940513
1940545 1940635
1940638 1940651
1940659 1940693
1940713 1940786
1940788 1940834
1940851 1940863
1940865 1940882
1940890 1940911
1940952 1940975
1941024 1941068
1941118 1941156
1941202 1941219
1941254 1941317
1941319 1941362
1941396 1941402
1941405 1941475
1941477 1941492
1941494 1941508
1941510 1941549
1941578 1941582
1941586 1941591
1941600 1941603
1941607 1941654
1941658 1941697
1941699 1941727
1941733 1941805
1941808 1941849
1941980 1942046
1942048 1942062
1942130 1942159
1942181 1942210
1942212 1942256
1942267 1942273
1942288 1942301
1942304 1942368
1942370 1942434
1942456 1942509
1942511 1942522
1942606 1942620
1942622 1942648
1942658 1942715
1942717 1942739
1942742 1942778
1942780 1942814
1942833 1942887
1942926 1942950
1942952 1942961
1943119 1943188
1943223 1943239
1943243 1943263
1943265 1943324
1943327 1943376
1943580 1943586
1943621 1943689
1943691 1943758
1943781 1943797
1943799 1943838
1943840 1943898
1943949 1943955
1943959 1943994
1943998 1944014
1944016 1944042
1944052 1944086
1944111 1944129
1944143 1944186
1944204 1944253
1944275 1944301
1944303 1944334
1944336 1944359
1944382 1944438
1944440 1944453
1944455 1944481
1944491 1944497
1944499 1944528
1944530 1944560
1944562 1944604
1944606 1944633
1944669 1944707
1944709 1944794
1944800 1944839
1944854 1944881
1944883 1944927
1944939 1944977
1945002 1945044
1945064 1945084
1945154 1945203
1945208 1945255
1945259 1945321
1945324 1945343
1945365 1945375
1945377 1945427
1945464 1945473
1945476 1945501
1945503 1945533
1945537 1945576
1945589 1945614
1945751 1945771
1945773 1945806
1945809 1945836
1945963 1945994
1945996 1946022
1946024 1946082
1946084 1946169
1946360 1946400
1946402 1946428
1946430 1946448
1946450 1946496
1946499 1946512
1947004 1947031
1947040 1947075
1947213 1947255
1947381 1947404
1947628 1947644
1947647 1947687
1947708 1947737
1947739 1947811
1947813 1947901
1947903 1947926
1947928 1948015
1948404 1948433
1948435 1948456
1948568 1948650
1948792 1948817
1948819 1948887
1948889 1948969
1948980 1949033
1949035 1949084
1949086 1949103
1949106 1949184
1949186 1949274
1949277 1949288
1949296 1949380
1949515 1949524
1949532 1949556
1949558 1949583
1949585 1949605
1949612 1949654
1949656 1949751
1949756 1949779
1949781 1949833
1949836 1949864
1949866 1949921
1949923 1949941
1949943 1949957
1949964 1949972
1949974 1950009
1950011 1950035
1950037 1950133
1950135 1950170
1950189 1950255
1950257 1950306
1950308 1950359
1950478 1950545
1950547 1950570
1950585 1950592
1950642 1950656
1950658 1950684
1950698 1950731
1950733 1950797
1950926 1950944
1951058 1951075
1951077 1951090
1951107 1951124
1951126 1951133
1951154 1951185
1951188 1951219
1951221 1951251
1951253 1951338
1951340 1951420
1951575 1951599
1951602 1951668
1951676 1951695
1951697 1951781
1951784 1951843
1951845 1951945
1951947 1951978
1951981 1952019
1952021 1952047
1952049 1952121
1952159 1952169
1952180 1952209
1952211 1952241
1952243 1952335
1952467 1952506
1952515 1952546
1952548 1952567
1952600 1952657
1952660 1952690
1952693 1952727
1952730 1952808
1952810 1952846
1952848 1952864
1952866 1952915
1952917 1952930
1952936 1952980
1952983 1953005
1953007 1953056
1953061 1953146
1953148 1953210
1953212 1953233
1953236 1953289
1953522 1953621
1953633 1953676
1953678 1953769
1954069 1954103
1954250 1954295
1954298 1954373
1954420 1954446
1954798 1954837
1954839 1954885
1954888 1954960
1954965 1955005
1955013 1955069
1955072 1955110
1955425 1955442
1955446 1955528
1955732 1955771
1955774 1955814
1955816 1955830
1955832 1955921
1955924 1956004
1956006 1956057
1956210 1956266
1956268 1956341
1956343 1956376
1956505 1956512
1956514 1956586
1956588 1956630
1956632 1956659
1956661 1956683
1956685 1956772
1956931 1956948
1956950 1957013
1957414 1957444
1957577 1957610
1957614 1957633
1957643 1957653
1957665 1957691
1957693 1957706
1957708 1957749
1957751 1957793
1958098 1958165
1958168 1958210
1958219 1958250
1958377 1958397
1958399 1958424
1958577 1958624
1958648 1958693
1958695 1958722
1958841 1958904
1958914 1958957
1958959 1959018
1959021 1959104
1959119 1959195
1959198 1959297
1959303 1959353
1959365 1959411
1959577 1959634
1959636 1959709
1959718 1959767
1959785 1959807
1959809 1959876
1959879 1959911
1959913 1959928
1959939 1959947
1959949 1959978
1960007 1960068
1960070 1960170
1960172 1960199
1960209 1960215
1960234 1960294
1960319 1960403
1960405 1960423
1960425 1960470
1960472 1960510
1960532 1960561
1960725 1960747
1960759 1960811
1960813 1960826
1960871 1960906
1960909 1960941
1960944 1960957
1960960 1961042
1961056 1961084
1961086 1961126
1961128 1961167
1961190 1961216
1961219 1961278
1961280 1961304
1961306 1961335
1961483 1961517
1961683 1961720
1961722 1961744
1962038 1962054
1962277 1962318
1962320 1962399
1962401 1962438
1962453 1962460
1962466 1962528
1962530 1962544
1962554 1962620
1962622 1962690
1962694 1962734
1962736 1962760
1962762 1962773
1962775 1962839
1962841 1962860
1962986 1963011
1963079 1963149
1963152 1963159
1963162 1963236
1963238 1963256
1963267 1963298
1963300 1963389
1963402 1963452
1963619 1963683
1963720 1963760
1963822 1963846
1963883 1963935
1963940 1963951
1963968 1963999
1964001 1964043
1964084 1964134
1964157 1964245
1964266 1964324
1964326 1964340
1964344 1964403
1964442 1964492
1964496 1964535
1964565 1964635
1964676 1964738
1964752 1964762
1964765 1964778
1964782 1964796
1964822 1964868
1964877 1964895
1964898 1964981
1964983 1965017
1965036 1965045
1965047 1965061
1965101 1965113
1965127 1965134
1965136 1965167
1965169 1965177
1965236 1965274
1965353 1965370
1965414 1965509
1965572 1965588
1965636 1965719
1965723 1965749
1965903 1965918
1965920 1965960
1965994 1966010
1966025 1966052
1966092 1966130
1966149 1966208
1966260 1966290
1966292 1966323
1966518 1966577
1966601 1966616
1966618 1966639
1966674 1966709
1966750 1966763
1966765 1966814
1966817 1966853
1966855 1966888
1966890 1966916
1966918 1966972
1967142 1967146
1967282 1967338
1967348 1967427
1967429 1967470
1967472 1967508
1967512 1967520
1967977 1968064
1968066 1968136
1968138 1968159
1968162 1968207
1968209 1968247
1968249 1968270
1968273 1968280
1968320 1968327
1968330 1968347
1968350 1968362
1968369 1968388
1968391 1968461
1968463 1968486
1968512 1968552
1968556 1968618
1968622 1968680
1968683 1968754
1968868 1968892
1968894 1968941
1969156 1969180
1969183 1969196
1969201 1969212
1969337 1969404
1969406 1969431
1969435 1969456
1969466 1969507
1969509 1969546
1969548 1969630
1969632 1969661
1969666 1969696
1969698 1969774
1969797 1969844
1969982 1970003
1970005 1970069
1970071 1970124
1970126 1970141
1970159 1970176
1970178 1970246
1970264 1970302
1970304 1970322
1970324 1970360
1970486 1970566
1970571 1970599
1970601 1970687
1970719 1970817
1970824 1970836
1970870 1970912
1970914 1970946
1970948 1970976
1970978 1971052
1971065 1971071
1971207 1971260
1971262 1971322
1971368 1971387
1971642 1971671
1971677 1971698
1971705 1971734
1971736 1971824
1971826 1971905
1971907 1971940
1971942 1971961
1971989 1972064
1972214 1972265
1972267 1972364
1972374 1972388
1972390 1972419
1972421 1972489
1972491 1972508
1972517 1972548
1972585 1972642
1972646 1972674
1972800 1972839
1972841 1972876
1972880 1972947
1972949 1973026
1973033 1973073
1973075 1973082
1973084 1973103
1973304 1973331
1973333 1973411
1973413 1973433
1973435 1973466
1973468 1973509
1973628 1973643
1973683 1973703
1973832 1973846
1973850 1973872
1973906 1973928
1973930 1973968
1974070 1974094
1974133 1974188
1974225 1974245
1974247 1974300
1974304 1974327
1974329 1974346
1974348 1974366
1974569 1974619
1974621 1974655
1974657 1974747
1974749 1974809
1974811 1974862
1974864 1974899
1974901 1974933
1974947 1974984
1974988 1975014
1975016 1975050
1975070 1975116
1975249 1975257
1975259 1975289
1975292 1975384
1975387 1975423
1975425 1975480
1975482 1975517
1975520 1975570
1975572 1975615
1975617 1975658
1975660 1975719
1975724 1975780
1975782 1975796
1975798 1975810
1975838 1975875
1975877 1975896
1975898 1975925
1975927 1976001
1976015 1976041
1976049 1976075
1976077 1976099
1976125 1976196
1976226 1976242
1976244 1976263
1976265 1976279
1976292 1976371
1976380 1976412
1976458 1976467
1976469 1976508
1976510 1976521
1976523 1976563
1976568 1976595
1976599 1976642
1976644 1976658
1976780 1976805
1976812 1976887
1976889 1976907
1976910 1976939
1976946 1976981
1976986 1977042
1977044 1977062
1977069 1977111
1977156 1977192
1977194 1977199
1977416 1977448
1977450 1977465
1977478 1977567
1977672 1977706
1977725 1977743
1977854 1977864
1977866 1977921
1977959 1977983
1977991 1978014
1978023 1978065
1978070 1978090
1978092 1978125
1978240 1978259
1978263 1978272
1978274 1978367
1978463 1978482
1978484 1978569
1978574 1978582
1978584 1978607
1978611 1978617
1978619 1978666
1978683 1978710
1978713 1978728
1978750 1978829
1978831 1978837
1978839 1978861
1978864 1978880
1978882 1978926
1978928 1978980
1978982 1979061
1979227 1979256
1979425 1979434
1979437 1979450
1979452 1979506
1979515 1979532
1979535 1979552
1979570 1979579
1979581 1979621
1979634 1979645
1979867 1979948
1979960 1979970
1979972 1979998
1980012 1980052
1980054 1980073
1980075 1980086
1980088 1980095
1980097 1980133
1980333 1980376
1980378 1980452
1980454 1980537
1980580 1980618
1980665 1980701
1980703 1980741
1980743 1980754
1980757 1980796
1980798 1980815
1980817 1980848
1980850 1980865
1980867 1980879
1980881 1980967
1980969 1981040
1981042 1981112
1981114 1981167
1981169 1981237
1981239 1981251
1981254 1981290
1981338 1981398
1981401 1981435
1981594 1981654
1981656 1981668
1981670 1981742
1981744 1981772
1981774 1981822
1981824 1981856
1981858 1981872
1981882 1981900
1981902 1981962
1981978 1981994
1981996 1982004
1982194 1982251
1982259 1982282
1982290 1982320
1982322 1982355
1982357 1982411
1982413 1982455
1982457 1982481
1982485 1982504
1982719 1982737
1982745 1982756
1982760 1982778
1982781 1982854
1982960 1982984
1982999 1983030
1983056 1983118
1983145 1983172
1983174 1983188
1983279 1983303
1983477 1983558
1983565 1983580
1983582 1983594
1983784 1983827
1983838 1983870
1983875 1983939
1983942 1983974
1983976 1984001
1984003 1984073
1984076 1984163
1984198 1984252
1984255 1984281
1984284 1984304
1984306 1984361
1984363 1984404
1984413 1984438
1984440 1984452
1984454 1984465
1984473 1984488
1984492 1984514
1984516 1984523
1984540 1984602
1984607 1984632
1984635 1984665
1984670 1984687
1984719 1984751
1984753 1984761
1984765 1984773
1984825 1984851
1984853 1984874
1984876 1984944
1984946 1984952
1984954 1984998
1985000 1985005
1985053 1985073
1985075 1985119
1985141 1985147
1985152 1985186
1985198 1985224
1985267 1985300
1985302 1985362
1985364 1985379
1985381 1985407
1985411 1985421
1985423 1985465
1985468 1985555
1985557 1985568
1985603 1985613
1985615 1985624
1985652 1985670
1985728 1985742
1985809 1985827
1985829 1985870
1985872 1985937
1985962 1986024
1986028 1986058
1986061 1986075
1986107 1986130
1986133 1986150
1986154 1986193
1986195 1986227
1986229 1986297
1986315 1986348
1986351 1986399
1986408 1986441
1986445 1986478
1986499 1986536
1986548 1986563
1986566 1986598
1986600 1986627
1986635 1986658
1986711 1986727
1986730 1986784
1986842 1986891
1986906 1986947
1986960 1986964
1986966 1987026
1987066 1987079
1987096 1987108
1987111 1987128
1987196 1987202
1987270 1987288
1987290 1987321
1987480 1987502
1987562 1987571
1987658 1987672
1987674 1987699
1987769 1987781
1987915 1987935
1988032 1988053
1988057 1988062
1988071 1988084
1988086 1988113
1988139 1988160
1988210 1988231
1988270 1988278
1988376 1988392
1988408 1988437
1988439 1988459
1988462 1988469
1988497 1988542
1988614 1988638
1988649 1988674
1988676 1988693
1988700 1988739
1988767 1988816
1988825 1988839
1988841 1988888
1988974 1988988
1989153 1989179
1989182 1989198
1989253 1989275
1989369 1989391
1989464 1989487
1989503 1989533
1989535 1989582
1989656 1989686
1989716 1989727
1989764 1989786
1989788 1989810
1989980 1989987
1990001 1990038
1990050 1990073
1990075 1990098
1990103 1990112
1990119 1990150
1990298 1990312
1990396 1990419
1990430 1990500
1990503 1990552
1990601 1990617
1990680 1990729
1990806 1990812
1990824 1990845
1990890 1990912
1990964 1990979
1990981 1990999
1991057 1991062
1991065 1991098
1991123 1991160
1991172 1991206
1991230 1991259
1991261 1991309
1991313 1991327
1991378 1991405
1991466 1991471
1991490 1991510
1991540 1991562
1991594 1991673
1991679 1991712
1991714 1991789
1991872 1991890
1991914 1991929
1991931 1991937
1991939 1991968
1991970 1991993
1992023 1992028
1992032 1992051
1992076 1992104
1992112 1992148
1992155 1992166
1992168 1992180
1992182 1992199
1992214 1992223
1992254 1992266
1992345 1992429
1992431 1992442
1992444 1992541
1992566 1992595
1992597 1992635
1992664 1992709
1992713 1992734
1992836 1992859
1992866 1992872
1992874 1992891
1992897 1992936
1992941 1992967
1992969 1992975
1992999 1993045
1993073 1993105
1993122 1993139
1993141 1993169
1993193 1993219
1993234 1993263
1993299 1993327
1993340 1993377
1993404 1993440
1993504 1993513
1993569 1993579
1993623 1993668
1993670 1993712
1993714 1993735
1993785 1993804
1993806 1993813
1993815 1993826
1993830 1993855
1993859 1993882
1993887 1993913
1993935 1993992
1993998 1994010
1994061 1994098
1994106 1994141
1994160 1994192
1994202 1994205
1994223 1994235
1994243 1994250
1994256 1994308
1994311 1994351
1994359 1994389
1994392 1994412
1994431 1994448
1994731 1994736
1994746 1994760
1994806 1994825
1994851 1994871
1994873 1994888
1994967 1994982
1995021 1995031
1995117 1995127
1995133 1995142
1995151 1995158
1995236 1995282
1995284 1995299
1995307 1995326
1995328 1995338
1995341 1995351
1995373 1995417
1995509 1995559
1995681 1995695
1995698 1995701
1995754 1995805
1995809 1995831
1995872 1995886
1995891 1995918
1995925 1995960
1995996 1996021
1996070 1996085
1996101 1996156
1996159 1996180
1996220 1996259
1996355 1996368
1996372 1996380
1996382 1996394
1996398 1996434
1996469 1996480
1996488 1996505
1996540 1996571
1996584 1996614
1996731 1996751
1996773 1996789
1996793 1996799
1996941 1996964
1997103 1997140
1997142 1997161
1997164 1997213
1997227 1997241
1997313 1997341
1997654 1997683
1997720 1997747
1997750 1997818
1997897 1997915
1997982 1998010
1998013 1998044
1998068 1998087
1998124 1998133
1998241 1998265
1998431 1998438
1998530 1998548
1998602 1998611
1998686 1998694
1998702 1998720
1998725 1998738
1998800 1998809
1998828 1998868
1998927 1998957
1998968 1999000
1999063 1999086
1999198 1999224
1999257 1999292
1999294 1999311
1999451 1999472
1999539 1999566
1999568 1999595
1999628 1999709
1999772 1999786
1999788 1999795
1999881 1999895
1999906 1999925
1999956 1999979
2000070 2000090
2000171 2000197
2000312 2000332
2000373 2000392
2000404 2000424
2000444 2000462
2000517 2000524
2000706 2000713
2000730 2000734
2000749 2000757
2000799 2000843
2001023 2001050
2001083 2001093
2001111 2001125
2001173 2001192
2001194 2001200
2001221 2001247
2001251 2001271
2001307 2001336
2001421 2001445
2001504 2001533
2001554 2001580
2001709 2001774
2001800 2001814
2001930 2001971
2002005 2002011
2002014 2002036
2002104 2002123
2002136 2002154
2002183 2002211
2002214 2002259
2002310 2002331
2002390 2002430
2002517 2002532
2002551 2002580
2002635 2002639
2002643 2002652
2002694 2002702
2002761 2002767
2002873 2002899
2002910 2002946
2003099 2003115
2003430 2003451
2003458 2003477
2003538 2003561
2003719 2003741
2003759 2003792
2003796 2003817
2003849 2003873
2003883 2003921
2003940 2003971
2004190 2004211
2004343 2004359
2004373 2004395
2004426 2004430
2004432 2004437
2004548 2004573
2004602 2004619
2004646 2004662
2004670 2004697
2005003 2005023
2005141 2005184
2005186 2005215
2005351 2005375
2005392 2005420
2005423 2005475
2005509 2005522
2005553 2005561
2005700 2005717
2005728 2005754
2005757 2005774
2005840 2005849
2005851 2005884
2006023 2006076
2006089 2006119
2006123 2006145
2006267 2006271
2006278 2006290
2006302 2006324
2006351 2006360
2006367 2006383
2006445 2006459
2006462 2006509
2006521 2006552
2006625 2006640
2006662 2006680
2006682 2006693
2006708 2006726
2006743 2006747
2006750 2006772
2006778 2006821
2006834 2006866
2006893 2006924
2007132 2007175
2007260 2007283
2007336 2007349
2007372 2007391
2007405 2007411
2007525 2007540
2007622 2007641
2007689 2007718
2007916 2007938
2007940 2007951
2008003 2008016
2008042 2008050
2008078 2008101
2008108 2008140
2008191 2008201
2008250 2008282
2008285 2008309
2008378 2008389
2008397 2008418
2008447 2008491
2008580 2008610
2008670 2008681
2008732 2008780
2008881 2008908
2008916 2008934
2008936 2008985
2009081 2009120
2009151 2009162
2009177 2009200
2009259 2009273
2009451 2009458
2009484 2009492
2009521 2009597
2009607 2009615
2009812 2009826
2009844 2009879
2009944 2009980
2010187 2010202
2010321 2010330
2010336 2010347
2010430 2010457
2010559 2010580
2010678 2010687
2010717 2010738
2010742 2010766
2011065 2011085
2011155 2011200
2011216 2011304
2011459 2011464
2011492 2011525
2011741 2011766
2011828 2011847
2011919 2011941
2012077 2012097
2012109 2012121
2012200 2012227
2012264 2012283
2012528 2012549
2012627 2012661
2012723 2012731
2012761 2012771
2012774 2012786
2012824 2012832
2012930 2012949
2013036 2013053
2013055 2013071
2013354 2013362
2013376 2013411
2013530 2013552
2013680 2013704
2013707 2013719
2013860 2013867
2013916 2013959
2013962 2014001
2014034 2014055
2014086 2014101
2014339 2014348
2014363 2014370
2014506 2014548
2014695 2014706
2014747 2014764
2014868 2014900
2014951 2014983
2015060 2015071
2015073 2015088
2015207 2015261
2015395 2015404
2015406 2015427
2015435 2015447
2015555 2015563
2015627 2015641
2015839 2015887
2016037 2016053
2016069 2016091
2016212 2016226
2016300 2016315
2016330 2016352
2016360 2016371
2016447 2016452
2016598 2016621
2016779 2016792
2017035 2017042
2017150 2017155
2017210 2017285
2017324 2017338
2017421 2017459
2017894 2017916
2018003 2018015
2018167 2018183
2018200 2018230
2018248 2018263
2018287 2018293
2018523 2018534
2018673 2018683
2018701 2018722
2018776 2018788
2018791 2018803
2018814 2018826
2018864 2018893
2018902 2018929
2019011 2019031
2019075 2019122
2019169 2019184
2019279 2019307
2019383 2019389
2019412 2019439
2019454 2019459
2019510 2019532
2019557 2019585
2019614 2019636
2019714 2019719
2019853 2019880
2019902 2019921
2019943 2019962
2019965 2019984
2020016 2020049
2020105 2020110
2020194 2020227
2020303 2020313
2020673 2020701
2020706 2020725
2020810 2020825
2020962 2020975
2021023 2021042
2021095 2021127
2021129 2021149
2021165 2021181
2021204 2021229
2021268 2021303
2021468 2021488
2021514 2021540
2021542 2021548
2021639 2021659
2021661 2021680
2021739 2021746
2021806 2021828
2021866 2021901
2021965 2021977
2022015 2022093
2022095 2022112
2022115 2022134
2022138 2022152
2022197 2022223
2022303 2022317
2022470 2022487
2022556 2022566
2022587 2022592
2022655 2022668
2022863 2022874
2022969 2022974
2023039 2023044
2023073 2023092
2023209 2023219
2023340 2023360
2023365 2023373
2023473 2023502
2023575 2023592
2023618 2023670
2024040 2024054
2024355 2024373
2024376 2024383
2024426 2024445
2024636 2024649
2024921 2024928
2024945 2024955
2025660 2025668
2025682 2025701
2025945 2025968
2026056 2026067
2026526 2026534
2026917 2026923
2026925 2026936
2027017 2027040
2027110 2027121
2027397 2027402
2027469 2027479
2027566 2027594
2027597 2027605
2027665 2027674
2027791 2027815
2028040 2028046
2028222 2028243
2028294 2028304
2028321 2028346
2028435 2028444
2028812 2028826
2029155 2029181
2029308 2029315
2029458 2029469
2029792 2029799
2029999 2030012
2030120 2030130
2030298 2030304
2030363 2030389
2030615 2030629
2030707 2030724
2030757 2030762
2030844 2030859
2030952 2030973
2031205 2031215
2031374 2031399
2031467 2031480
2031699 2031705
2031874 2031886
2031916 2031958
2031971 2031980
2032131 2032147
2032177 2032199
2032358 2032368
2032420 2032440
2032467 2032479
2032559 2032577
2032620 2032652
2032718 2032746
2032835 2032846
2032870 2032879
2032897 2032924
2032969 2033006
2033060 2033076
2033198 2033221
2033244 2033255
2033478 2033511
2033614 2033639
2033694 2033706
2033734 2033747
2034024 2034037
2034117 2034133
2034165 2034183
2034243 2034255
2034257 2034274
2034608 2034631
2034793 2034809
2034862 2034882
2034895 2034915
2035110 2035115
2035245 2035271
2035408 2035421
2035522 2035558
2035589 2035617
2035791 2035800
2036801 2036811
2036893 2036907
2037142 2037160
2037162 2037174
2037443 2037452
2037489 2037498
2037607 2037619
2037686 2037691
2038305 2038315
2038421 2038449
2038497 2038501
2038706 2038729
2038855 2038864
2039003 2039013
2039287 2039291
2039412 2039418
2039700 2039711
2040140 2040147
2040417 2040427
2040983 2040994
2041031 2041041
2041105 2041128
2041573 2041601
2041774 2041777
2041861 2041904
2042073 2042082
2042094 2042103
2042194 2042206
2042851 2042894
2042910 2042921
2043016 2043023
2043092 2043138
2043206 2043214
2043226 2043233
2043288 2043312
2043558 2043573
2043924 2043933
2044339 2044358
2044468 2044491
2044560 2044574
2044894 2044912
2045066 2045085
2045218 2045233
2045275 2045278
2045330 2045338
2045385 2045410
2045979 2045990
2045998 2046011
2046072 2046089
2046319 2046331
2046371 2046379
2046437 2046446
2046616 2046629
2046702 2046714
2046771 2046779
2047303 2047350
2047432 2047459
2047584 2047604
2047648 2047658
2047807 2047818
2047846 2047855
2047892 2047901
